0 500 500 1000 10000 
0 500 500 500 2500 
0 500 250 250 500 2500 
0 500 500 250 250 500 2500 
0 250 250 250 250 625 
0 250 250 250 250 625 
0 250 250 250 250 625 
0 250 250 250 125 125 625 
0 500 500 250 250 2500 
0 500 500 500 2500 
0 250 250 250 250 625 
0 250 250 250 250 625 
0 250 250 250 125 125 625 
0 250 250 250 250 625 
0 500 250 250 500 250 250 2500 
0 500 500 1000 500 500 10000 
0 1000 1000 1000 10000 
0 1000 1000 1000 10000 
0 1000 1000 1000 10000 
0 1000 1000 10000 
0 1000 500 500 1000 10000 
0 500 500 250 250 500 2500 
0 250 250 125 125 250 625 
0 125 125 125 125 156.25 
0 125 125 125 125 156.25 
0 125 125 125 125 156.25 
0 125 125 125 125 156.25 
0 250 250 125 125 250 625 
0 125 125 125 125 156.25 
0 125 125 125 125 156.25 
0 125 125 125 125 156.25 
0 125 125 125 125 156.25 
0 500 500 250 250 500 2500 
0 250 250 125 125 250 625 
0 125 125 125 125 156.25 
0 125 125 125 125 156.25 
0 125 125 125 125 156.25 
0 125 125 125 125 156.25 
0 250 250 125 125 250 625 
0 125 125 125 125 156.25 
0 125 125 125 125 156.25 
0 125 125 125 125 156.25 
0 125 125 125 125 156.25 
0 125 125 125 125 156.25 
0 125 125 125 125 156.25 
0 125 125 125 125 156.25 
0 125 125 125 125 156.25 
0 250 125 125 125 125 250 625 
0 125 125 125 125 156.25 
0 125 125 125 125 156.25 
0 125 125 125 125 156.25 
0 125 125 125 125 156.25 
0 125 125 125 125 156.25 
0 125 125 125 125 156.25 
0 125 125 125 125 156.25 
0 125 125 125 125 156.25 
0 250 250 250 250 625 
0 250 250 250 250 625 
0 125 125 250 250 125 125 625 
0 250 250 250 250 625 
0 125 125 125 125 156.25 
0 125 125 125 125 156.25 
0 125 125 125 125 156.25 
0 125 125 125 125 156.25 
0 125 125 125 125 156.25 
0 125 125 125 125 156.25 
0 125 125 125 125 156.25 
0 125 125 125 125 156.25 
0 125 125 125 125 156.25 
0 125 125 125 125 156.25 
0 125 125 125 125 156.25 
0 125 125 125 125 156.25 
0 125 125 125 125 156.25 
0 125 125 125 125 156.25 
0 125 125 125 125 156.25 
0 125 125 125 125 156.25 
0 125 125 125 125 156.25 
0 125 125 125 125 156.25 
0 125 125 125 125 156.25 
0 125 125 125 125 156.25 
0 250 125 125 250 250 625 
0 125 125 125 125 156.25 
0 125 125 125 125 156.25 
0 125 125 125 125 156.25 
0 125 125 125 125 156.25 
0 250 125 125 250 125 125 625 
0 500 250 250 500 500 2500 
0 500 500 500 500 2500 
0 250 250 500 500 250 250 2500 
0 500 500 500 500 2500 
0 1000 500 500 1000 500 500 10000 
0 1000 1000 1000 1000 10000 
0 1000 1000 1000 1000 10000 
0 1000 1000 1000 10000 
0 1000 500 500 1000 10000 
0 500 500 250 250 500 2500 
0 250 250 125 125 250 625 
0 125 125 125 125 156.25 
0 125 125 125 125 156.25 
0 125 125 125 125 156.25 
0 125 125 125 125 156.25 
0 250 250 250 250 625 
0 125 125 250 250 125 125 625 
0 500 500 500 500 2500 
0 250 250 500 250 250 500 2500 
0 125 125 125 125 156.25 
0 125 125 125 125 156.25 
0 125 125 125 125 156.25 
0 125 125 125 125 156.25 
0 125 125 125 125 156.25 
0 125 125 125 125 156.25 
0 125 125 125 125 156.25 
0 125 125 125 125 156.25 
0 125 125 125 125 156.25 
0 125 125 125 125 156.25 
0 125 125 125 125 156.25 
0 125 125 125 125 156.25 
0 125 125 125 125 156.25 
0 125 125 125 125 156.25 
0 125 125 125 125 156.25 
0 125 125 125 125 156.25 
0 125 125 125 125 156.25 
0 125 125 125 125 156.25 
0 125 125 125 125 156.25 
0 125 125 125 125 156.25 
0 125 125 125 125 156.25 
0 125 125 125 125 156.25 
0 125 125 125 125 156.25 
0 125 125 125 125 156.25 
0 125 125 125 125 156.25 
0 125 125 125 125 156.25 
0 125 125 125 125 156.25 
0 125 125 125 125 156.25 
0 125 125 125 125 156.25 
0 125 125 125 125 156.25 
0 125 125 125 125 156.25 
0 125 125 125 125 156.25 
0 250 125 125 125 125 250 625 
0 125 125 125 125 156.25 
0 125 125 125 125 156.25 
0 125 125 125 125 156.25 
0 125 125 125 125 156.25 
0 250 250 250 250 625 
0 125 125 250 125 125 250 625 
0 125 125 125 125 156.25 
0 125 125 125 125 156.25 
0 125 125 125 125 156.25 
0 125 125 125 125 156.25 
0 125 125 125 125 156.25 
0 125 125 125 125 156.25 
0 125 125 125 125 156.25 
0 125 125 125 125 156.25 
0 125 125 125 125 156.25 
0 125 125 125 125 156.25 
0 125 125 125 125 156.25 
0 125 125 125 125 156.25 
0 125 125 125 125 156.25 
0 125 125 125 125 156.25 
0 125 125 125 125 156.25 
0 125 125 125 125 156.25 
0 250 125 125 250 125 125 625 
0 250 250 250 250 625 
0 125 125 125 125 156.25 
0 125 125 125 125 156.25 
0 125 125 125 125 156.25 
0 125 125 125 125 156.25 
0 250 125 125 250 125 125 625 
0 500 250 250 250 250 500 2500 
0 125 125 125 125 156.25 
0 125 125 125 125 156.25 
0 125 125 125 125 156.25 
0 125 125 125 125 156.25 
0 125 125 125 125 156.25 
0 125 125 125 125 156.25 
0 125 125 125 125 156.25 
0 125 125 125 125 156.25 
0 125 125 125 125 156.25 
0 125 125 125 125 156.25 
0 125 125 125 125 156.25 
0 125 125 125 125 156.25 
0 125 125 125 125 156.25 
0 125 125 125 125 156.25 
0 125 125 125 125 156.25 
0 125 125 125 125 156.25 
0 250 125 125 250 125 125 625 
0 250 250 250 250 625 
0 125 125 125 125 156.25 
0 125 125 125 125 156.25 
0 125 125 125 125 156.25 
0 125 125 125 125 156.25 
0 250 125 125 250 250 625 
0 500 500 500 500 2500 
0 500 500 500 500 2500 
0 250 250 500 500 250 250 2500 
0 500 500 500 500 2500 
0 1000 500 500 1000 500 500 10000 
0 1000 1000 1000 1000 10000 
0 1000 1000 1000 10000 
0 1000 1000 1000 10000 
0 500 500 1000 500 500 1000 10000 
0 250 250 500 250 250 500 2500 
0 125 125 250 125 125 250 625 
0 125 125 125 125 156.25 
0 125 125 125 125 156.25 
0 125 125 125 125 156.25 
0 125 125 125 125 156.25 
0 250 250 250 250 625 
0 125 125 250 250 125 125 625 
0 500 500 250 250 500 2500 
0 250 250 250 250 625 
0 250 250 250 125 125 625 
0 250 250 250 250 625 
0 250 250 250 250 625 
0 125 125 125 125 156.25 
0 125 125 125 125 156.25 
0 125 125 125 125 156.25 
0 125 125 125 125 156.25 
0 125 125 125 125 156.25 
0 125 125 125 125 156.25 
0 125 125 125 125 156.25 
0 125 125 125 125 156.25 
0 125 125 125 125 156.25 
0 125 125 125 125 156.25 
0 125 125 125 125 156.25 
0 125 125 125 125 156.25 
0 125 125 125 125 156.25 
0 125 125 125 125 156.25 
0 125 125 125 125 156.25 
0 125 125 125 125 156.25 
0 125 125 125 125 156.25 
0 125 125 125 125 156.25 
0 125 125 125 125 156.25 
0 125 125 125 125 156.25 
0 250 125 125 125 125 250 625 
0 125 125 125 125 156.25 
0 125 125 125 125 156.25 
0 125 125 125 125 156.25 
0 125 125 125 125 156.25 
0 125 125 125 125 156.25 
0 125 125 125 125 156.25 
0 125 125 125 125 156.25 
0 125 125 125 125 156.25 
0 125 125 125 125 156.25 
0 125 125 125 125 156.25 
0 125 125 125 125 156.25 
0 125 125 125 125 156.25 
0 125 125 125 125 156.25 
0 125 125 125 125 156.25 
0 125 125 125 125 156.25 
0 125 125 125 125 156.25 
0 250 125 125 125 125 250 625 
0 125 125 125 125 156.25 
0 125 125 125 125 156.25 
0 125 125 125 125 156.25 
0 125 125 125 125 156.25 
0 125 125 125 125 156.25 
0 125 125 125 125 156.25 
0 125 125 125 125 156.25 
0 125 125 125 125 156.25 
0 125 125 125 125 156.25 
0 125 125 125 125 156.25 
0 125 125 125 125 156.25 
0 125 125 125 125 156.25 
0 125 125 125 125 156.25 
0 125 125 125 125 156.25 
0 125 125 125 125 156.25 
0 125 125 125 125 156.25 
0 125 125 125 125 156.25 
0 125 125 125 125 156.25 
0 125 125 125 125 156.25 
0 125 125 125 125 156.25 
0 250 250 250 250 625 
0 250 250 250 250 625 
0 125 125 250 250 125 125 625 
0 250 250 250 250 625 
0 500 250 250 250 250 500 2500 
0 125 125 125 125 156.25 
0 125 125 125 125 156.25 
0 125 125 125 125 156.25 
0 125 125 125 125 156.25 
0 250 125 125 125 125 250 625 
0 125 125 125 125 156.25 
0 125 125 125 125 156.25 
0 125 125 125 125 156.25 
0 125 125 125 125 156.25 
0 125 125 125 125 156.25 
0 125 125 125 125 156.25 
0 125 125 125 125 156.25 
0 125 125 125 125 156.25 
0 250 250 250 250 625 
0 250 250 250 250 625 
0 125 125 250 250 125 125 625 
0 250 250 250 250 625 
0 500 500 500 500 2500 
0 500 500 500 500 2500 
0 250 250 500 500 500 2500 
0 500 500 500 500 2500 
0 1000 500 500 1000 1000 10000 
0 1000 1000 1000 10000 
0 1000 1000 1000 10000 
0 1000 1000 500 500 1000 10000 
0 500 500 500 500 2500 
0 250 250 500 500 250 250 2500 
0 500 500 500 500 2500 
0 500 500 500 500 2500 
0 250 250 250 250 625 
0 125 125 250 250 125 125 625 
0 250 250 250 250 625 
0 250 250 250 250 625 
0 125 125 125 125 156.25 
0 125 125 125 125 156.25 
0 125 125 125 125 156.25 
0 125 125 125 125 156.25 
0 125 125 125 125 156.25 
0 125 125 125 125 156.25 
0 125 125 125 125 156.25 
0 125 125 125 125 156.25 
0 250 125 125 125 125 250 625 
0 125 125 125 125 156.25 
0 125 125 125 125 156.25 
0 125 125 125 125 156.25 
0 125 125 125 125 156.25 
0 500 250 250 250 250 500 2500 
0 250 250 250 250 625 
0 125 125 250 250 125 125 625 
0 250 250 250 250 625 
0 250 250 250 250 625 
0 125 125 125 125 156.25 
0 125 125 125 125 156.25 
0 125 125 125 125 156.25 
0 125 125 125 125 156.25 
0 125 125 125 125 156.25 
0 125 125 125 125 156.25 
0 125 125 125 125 156.25 
0 125 125 125 125 156.25 
0 125 125 125 125 156.25 
0 125 125 125 125 156.25 
0 125 125 125 125 156.25 
0 125 125 125 125 156.25 
0 125 125 125 125 156.25 
0 125 125 125 125 156.25 
0 125 125 125 125 156.25 
0 125 125 125 125 156.25 
0 125 125 125 125 156.25 
0 125 125 125 125 156.25 
0 125 125 125 125 156.25 
0 125 125 125 125 156.25 
0 250 125 125 250 250 625 
0 125 125 125 125 156.25 
0 125 125 125 125 156.25 
0 125 125 125 125 156.25 
0 125 125 125 125 156.25 
0 250 125 125 125 125 250 625 
0 125 125 125 125 156.25 
0 125 125 125 125 156.25 
0 125 125 125 125 156.25 
0 125 125 125 125 156.25 
0 125 125 125 125 156.25 
0 125 125 125 125 156.25 
0 125 125 125 125 156.25 
0 125 125 125 125 156.25 
0 250 125 125 125 125 250 625 
0 125 125 125 125 156.25 
0 125 125 125 125 156.25 
0 125 125 125 125 156.25 
0 125 125 125 125 156.25 
0 125 125 125 125 156.25 
0 125 125 125 125 156.25 
0 125 125 125 125 156.25 
0 125 125 125 125 156.25 
0 125 125 125 125 156.25 
0 125 125 125 125 156.25 
0 125 125 125 125 156.25 
0 125 125 125 125 156.25 
0 125 125 125 125 156.25 
0 125 125 125 125 156.25 
0 125 125 125 125 156.25 
0 125 125 125 125 156.25 
0 125 125 125 125 156.25 
0 125 125 125 125 156.25 
0 125 125 125 125 156.25 
0 125 125 125 125 156.25 
0 500 250 250 500 250 250 2500 
0 500 500 500 500 2500 
0 125 125 250 250 125 125 625 
0 250 250 250 250 625 
0 125 125 125 125 156.25 
0 125 125 125 125 156.25 
0 125 125 125 125 156.25 
0 125 125 125 125 156.25 
0 250 125 125 250 125 125 625 
0 500 250 250 500 250 250 2500 
0 1000 500 500 1000 500 500 10000 
0 1000 1000 1000 10000 
0 1000 1000 1000 10000 
0 1000 1000 1000 1000 10000 
0 500 500 1000 500 500 1000 10000 
0 500 500 500 500 2500 
0 250 250 500 500 250 250 2500 
0 500 500 500 500 2500 
0 500 500 500 500 2500 
0 250 250 250 250 625 
0 125 125 250 250 125 125 625 
0 250 250 250 250 625 
0 250 250 125 125 250 625 
0 125 125 125 125 156.25 
0 125 125 125 125 156.25 
0 125 125 125 125 156.25 
0 125 125 125 125 156.25 
0 125 125 125 125 156.25 
0 125 125 125 125 156.25 
0 125 125 125 125 156.25 
0 125 125 125 125 156.25 
0 125 125 125 125 156.25 
0 125 125 125 125 156.25 
0 125 125 125 125 156.25 
0 125 125 125 125 156.25 
0 125 125 125 125 156.25 
0 125 125 125 125 156.25 
0 125 125 125 125 156.25 
0 125 125 125 125 156.25 
0 500 250 250 250 250 500 2500 
0 125 125 250 125 125 250 625 
0 125 125 125 125 156.25 
0 125 125 125 125 156.25 
0 125 125 125 125 156.25 
0 125 125 125 125 156.25 
0 250 250 250 250 625 
0 125 125 250 250 250 625 
0 125 125 125 125 156.25 
0 125 125 125 125 156.25 
0 125 125 125 125 156.25 
0 125 125 125 125 156.25 
0 125 125 125 125 156.25 
0 125 125 125 125 156.25 
0 125 125 125 125 156.25 
0 125 125 125 125 156.25 
0 125 125 125 125 156.25 
0 125 125 125 125 156.25 
0 125 125 125 125 156.25 
0 125 125 125 125 156.25 
0 125 125 125 125 156.25 
0 125 125 125 125 156.25 
0 125 125 125 125 156.25 
0 125 125 125 125 156.25 
0 250 125 125 250 125 125 625 
0 250 250 250 250 625 
0 125 125 125 125 156.25 
0 125 125 125 125 156.25 
0 125 125 125 125 156.25 
0 125 125 125 125 156.25 
0 250 125 125 250 250 625 
0 125 125 125 125 156.25 
0 125 125 125 125 156.25 
0 125 125 125 125 156.25 
0 125 125 125 125 156.25 
0 125 125 125 125 156.25 
0 125 125 125 125 156.25 
0 125 125 125 125 156.25 
0 125 125 125 125 156.25 
0 250 125 125 125 125 250 625 
0 125 125 125 125 156.25 
0 125 125 125 125 156.25 
0 125 125 125 125 156.25 
0 125 125 125 125 156.25 
0 125 125 125 125 156.25 
0 125 125 125 125 156.25 
0 125 125 125 125 156.25 
0 125 125 125 125 156.25 
0 250 125 125 125 125 250 625 
0 125 125 125 125 156.25 
0 125 125 125 125 156.25 
0 125 125 125 125 156.25 
0 125 125 125 125 156.25 
0 125 125 125 125 156.25 
0 125 125 125 125 156.25 
0 125 125 125 125 156.25 
0 125 125 125 125 156.25 
0 500 250 250 500 250 250 2500 
0 500 500 500 500 2500 
0 250 250 250 250 625 
0 250 250 250 250 625 
0 125 125 250 250 250 625 
0 250 250 250 250 625 
0 500 250 250 500 500 2500 
0 1000 500 500 1000 10000 
0 1000 1000 1000 10000 
0 1000 1000 1000 1000 10000 
0 1000 1000 1000 1000 10000 
0 500 500 1000 500 500 1000 10000 
0 500 500 500 500 2500 
0 250 250 500 500 250 250 2500 
0 500 500 500 500 2500 
0 500 500 500 500 2500 
0 250 250 250 250 625 
0 125 125 250 250 250 625 
0 250 250 250 250 625 
0 250 250 250 250 625 
0 125 125 250 125 125 250 625 
0 125 125 125 125 156.25 
0 125 125 125 125 156.25 
0 125 125 125 125 156.25 
0 125 125 125 125 156.25 
0 250 250 250 250 625 
0 125 125 250 250 250 625 
0 500 250 250 500 500 2500 
0 250 250 500 500 500 2500 
0 250 125 125 250 250 625 
0 250 250 250 250 625 
0 250 250 250 250 625 
0 250 250 250 250 625 
0 500 250 250 500 500 2500 
0 500 250 250 500 500 2500 
0 500 500 500 500 2500 
0 1000 500 500 1000 10000 
0 1000 1000 10000 
0 1000 1000 1000 10000 
0 1000 1000 1000 10000 
0 1000 1000 1000 10000 
0 500 500 1000 1000 10000 
0 500 500 1000 1000 10000 
0 500 500 1000 1000 10000 
0 1000 1000 10000 
0 10000 1500 1500 3000 10000 
0 2500 1500 1500 1500 2500 
0 2500 1500 1500 1500 2500 
0 2500 1500 1500 1500 1500 2500 
0 625 625 625 625 1500 1500 1500 750 750 2500 
0 2500 1500 1500 1500 2500 
0 2500 1500 1500 1500 2500 
0 625 625 625 625 1500 1500 1500 750 750 2500 
0 2500 1500 1500 1500 1500 2500 
0 10000 1500 1500 3000 1500 1500 10000 
0 10000 3000 3000 3000 10000 
0 10000 3000 3000 3000 10000 
0 10000 3000 3000 3000 10000 
0 10000 3000 3000 10000 
0 10000 3000 1500 1500 3000 10000 
0 2500 1500 1500 750 750 1500 2500 
0 625 750 750 750 750 625 
0 156.25 156.25 156.25 156.25 750 750 750 750 625 
0 625 750 750 750 750 625 
0 156.25 156.25 156.25 156.25 750 750 750 750 625 
0 2500 1500 1500 750 750 1500 2500 
0 625 750 750 750 750 625 
0 156.25 156.25 156.25 156.25 750 750 750 750 625 
0 625 750 750 750 750 625 
0 156.25 156.25 156.25 156.25 750 750 750 750 625 
0 156.25 156.25 156.25 156.25 750 750 750 750 625 
0 625 750 750 750 750 625 
0 156.25 156.25 156.25 156.25 750 750 750 750 625 
0 156.25 156.25 156.25 156.25 750 750 750 750 625 
0 625 625 625 625 1500 750 750 750 750 1500 2500 
0 156.25 156.25 156.25 156.25 750 750 750 750 625 
0 156.25 156.25 156.25 156.25 750 750 750 750 625 
0 156.25 156.25 156.25 156.25 750 750 750 750 625 
0 156.25 156.25 156.25 156.25 750 750 750 750 625 
0 156.25 156.25 156.25 156.25 750 750 750 750 625 
0 625 750 750 750 750 625 
0 156.25 156.25 156.25 156.25 750 750 750 750 625 
0 625 750 750 750 750 625 
0 2500 1500 1500 1500 1500 2500 
0 2500 1500 1500 1500 1500 2500 
0 2500 750 750 1500 1500 750 750 2500 
0 2500 1500 1500 1500 1500 2500 
0 10000 3000 1500 1500 3000 1500 1500 10000 
0 10000 3000 3000 3000 3000 10000 
0 10000 3000 3000 3000 3000 10000 
0 10000 3000 3000 3000 10000 
0 10000 3000 1500 1500 3000 10000 
0 2500 1500 1500 750 750 1500 2500 
0 625 750 750 750 750 625 
0 156.25 156.25 156.25 156.25 750 750 750 750 625 
0 625 750 750 750 750 625 
0 625 750 750 750 750 625 
0 2500 1500 1500 1500 1500 2500 
0 2500 750 750 1500 750 750 1500 2500 
0 156.25 156.25 156.25 156.25 750 750 750 750 625 
0 156.25 156.25 156.25 156.25 750 750 750 750 625 
0 156.25 156.25 156.25 156.25 750 750 750 750 625 
0 156.25 156.25 156.25 156.25 750 750 750 750 625 
0 156.25 156.25 156.25 156.25 750 750 750 750 625 
0 156.25 156.25 156.25 156.25 750 750 750 750 625 
0 156.25 156.25 156.25 156.25 750 750 750 750 625 
0 156.25 156.25 156.25 156.25 750 750 750 750 625 
0 625 750 750 750 750 625 
0 156.25 156.25 156.25 156.25 750 750 750 750 625 
0 625 750 750 750 750 625 
0 625 750 750 750 750 625 
0 156.25 156.25 156.25 156.25 750 750 750 750 625 
0 156.25 156.25 156.25 156.25 750 750 750 750 625 
0 156.25 156.25 156.25 156.25 750 750 750 750 625 
0 156.25 156.25 156.25 156.25 750 750 750 750 625 
0 625 750 750 750 750 625 
0 625 750 750 750 750 625 
0 156.25 156.25 156.25 156.25 750 750 750 750 625 
0 625 750 750 750 750 625 
0 2500 1500 750 750 750 750 1500 2500 
0 156.25 156.25 156.25 156.25 750 750 750 750 625 
0 156.25 156.25 156.25 156.25 750 750 750 750 625 
0 156.25 156.25 156.25 156.25 750 750 750 750 625 
0 156.25 156.25 156.25 156.25 750 750 750 750 625 
0 625 750 750 750 750 625 
0 625 750 750 750 750 625 
0 156.25 156.25 156.25 156.25 750 750 750 750 625 
0 625 750 750 750 750 625 
0 2500 1500 1500 1500 1500 2500 
0 2500 1500 1500 1500 1500 2500 
0 2500 750 750 1500 1500 1500 2500 
0 2500 1500 1500 1500 1500 2500 
0 10000 3000 1500 1500 3000 3000 10000 
0 10000 3000 3000 3000 3000 10000 
0 10000 3000 3000 3000 10000 
0 10000 3000 3000 3000 10000 
0 10000 1500 1500 3000 1500 1500 3000 10000 
0 2500 750 750 1500 750 750 1500 2500 
0 625 750 750 750 750 625 
0 156.25 156.25 156.25 156.25 750 750 750 750 625 
0 625 750 750 750 750 625 
0 625 750 750 750 750 625 
0 2500 1500 1500 1500 1500 2500 
0 625 625 625 625 750 750 1500 750 750 1500 2500 
0 156.25 156.25 156.25 156.25 750 750 750 750 625 
0 156.25 156.25 156.25 156.25 750 750 750 750 625 
0 156.25 156.25 156.25 156.25 750 750 750 750 625 
0 156.25 156.25 156.25 156.25 750 750 750 750 625 
0 156.25 156.25 156.25 156.25 750 750 750 750 625 
0 625 750 750 750 750 625 
0 156.25 156.25 156.25 156.25 750 750 750 750 625 
0 156.25 156.25 156.25 156.25 750 750 750 750 625 
0 156.25 156.25 156.25 156.25 750 750 750 750 625 
0 156.25 156.25 156.25 156.25 750 750 750 750 625 
0 625 750 750 750 750 625 
0 156.25 156.25 156.25 156.25 750 750 750 750 625 
0 156.25 156.25 156.25 156.25 750 750 750 750 625 
0 156.25 156.25 156.25 156.25 750 750 750 750 625 
0 156.25 156.25 156.25 156.25 750 750 750 750 625 
0 156.25 156.25 156.25 156.25 750 750 750 750 625 
0 625 625 625 625 1500 750 750 1500 750 750 2500 
0 2500 1500 1500 1500 1500 2500 
0 156.25 156.25 156.25 156.25 750 750 750 750 625 
0 625 750 750 750 750 625 
0 156.25 156.25 156.25 156.25 750 750 750 750 625 
0 156.25 156.25 156.25 156.25 750 750 750 750 625 
0 625 625 625 625 1500 750 750 1500 750 750 2500 
0 2500 2500 2500 2500 3000 1500 1500 3000 1500 1500 10000 
0 10000 3000 3000 3000 3000 10000 
0 10000 3000 3000 3000 10000 
0 10000 3000 3000 3000 10000 
0 10000 3000 3000 3000 3000 10000 
0 2500 2500 2500 2500 1500 1500 3000 1500 1500 3000 10000 
0 625 625 625 625 750 750 1500 750 750 1500 2500 
0 156.25 156.25 156.25 156.25 750 750 750 750 625 
0 156.25 156.25 156.25 156.25 750 750 750 750 625 
0 625 750 750 750 750 625 
0 156.25 156.25 156.25 156.25 750 750 750 750 625 
0 2500 1500 1500 1500 1500 2500 
0 625 625 625 625 750 750 1500 750 750 1500 2500 
0 156.25 156.25 156.25 156.25 750 750 750 750 625 
0 156.25 156.25 156.25 156.25 750 750 750 750 625 
0 156.25 156.25 156.25 156.25 750 750 750 750 625 
0 156.25 156.25 156.25 156.25 750 750 750 750 625 
0 156.25 156.25 156.25 156.25 750 750 750 750 625 
0 625 750 750 750 750 625 
0 156.25 156.25 156.25 156.25 750 750 750 750 625 
0 625 750 750 750 750 625 
0 156.25 156.25 156.25 156.25 750 750 750 750 625 
0 156.25 156.25 156.25 156.25 750 750 750 750 625 
0 625 750 750 750 750 625 
0 156.25 156.25 156.25 156.25 750 750 750 750 625 
0 156.25 156.25 156.25 156.25 750 750 750 750 625 
0 156.25 156.25 156.25 156.25 750 750 750 750 625 
0 156.25 156.25 156.25 156.25 750 750 750 750 625 
0 156.25 156.25 156.25 156.25 750 750 750 750 625 
0 2500 1500 750 750 1500 750 750 2500 
0 2500 1500 1500 1500 1500 2500 
0 625 750 750 750 750 625 
0 625 750 750 750 750 625 
0 156.25 156.25 156.25 156.25 750 750 750 750 625 
0 625 750 750 750 750 625 
0 2500 1500 750 750 1500 750 750 2500 
0 10000 3000 1500 1500 3000 1500 1500 10000 
0 10000 3000 3000 3000 10000 
0 10000 3000 3000 3000 10000 
0 10000 3000 3000 3000 3000 10000 
0 10000 3000 3000 3000 3000 10000 
0 2500 2500 2500 2500 1500 1500 3000 1500 1500 3000 10000 
0 625 625 625 625 750 750 1500 750 750 1500 2500 
0 156.25 156.25 156.25 156.25 750 750 750 750 625 
0 156.25 156.25 156.25 156.25 750 750 750 750 625 
0 156.25 156.25 156.25 156.25 750 750 750 750 625 
0 156.25 156.25 156.25 156.25 750 750 750 750 625 
0 2500 1500 1500 750 750 1500 2500 
0 625 750 750 750 750 625 
0 156.25 156.25 156.25 156.25 750 750 750 750 625 
0 625 750 750 750 750 625 
0 625 750 750 750 750 625 
0 156.25 156.25 156.25 156.25 750 750 750 750 625 
0 156.25 156.25 156.25 156.25 750 750 750 750 625 
0 156.25 156.25 156.25 156.25 750 750 750 750 625 
0 156.25 156.25 156.25 156.25 750 750 750 750 625 
0 625 750 750 750 750 625 
0 625 750 750 750 750 625 
0 156.25 156.25 156.25 156.25 750 750 750 750 625 
0 625 750 750 750 750 625 
0 156.25 156.25 156.25 156.25 750 750 750 750 625 
0 156.25 156.25 156.25 156.25 750 750 750 750 625 
0 625 750 750 750 750 625 
0 156.25 156.25 156.25 156.25 750 750 750 750 625 
0 156.25 156.25 156.25 156.25 750 750 750 750 625 
0 625 750 750 750 750 625 
0 156.25 156.25 156.25 156.25 750 750 750 750 625 
0 156.25 156.25 156.25 156.25 750 750 750 750 625 
0 2500 1500 750 750 1500 1500 2500 
0 2500 1500 1500 1500 1500 2500 
0 625 625 625 625 750 750 1500 1500 1500 2500 
0 2500 1500 1500 1500 1500 2500 
0 10000 3000 1500 1500 3000 10000 
0 10000 3000 3000 3000 10000 
0 10000 3000 3000 3000 3000 10000 
0 10000 3000 3000 3000 3000 10000 
0 10000 3000 3000 1500 1500 3000 10000 
0 2500 1500 1500 1500 1500 2500 
0 2500 750 750 1500 1500 1500 2500 
0 2500 1500 1500 1500 1500 2500 
0 2500 1500 1500 1500 1500 2500 
0 625 625 625 625 750 750 1500 750 750 1500 2500 
0 625 750 750 750 750 625 
0 156.25 156.25 156.25 156.25 750 750 750 750 625 
0 625 750 750 750 750 625 
0 625 750 750 750 750 625 
0 2500 1500 1500 1500 1500 2500 
0 2500 750 750 1500 1500 1500 2500 
0 625 625 625 625 1500 750 750 1500 1500 2500 
0 2500 1500 1500 1500 1500 2500 
0 2500 1500 1500 1500 1500 2500 
0 2500 1500 1500 1500 1500 2500 
0 10000 3000 1500 1500 3000 10000 
0 10000 3000 3000 10000 
0 10000 3000 3000 3000 10000 
0 10000 3000 3000 3000 10000 
0 10000 3000 3000 3000 10000 
0 10000 1500 1500 3000 3000 10000 
0 10000 1500 1500 3000 3000 10000 
0 10000 1500 1500 3000 3000 10000 
0 10000 3000 3000 10000 
0 10000 3000 3000 10000 
0 2500 2500 2500 2500 3000 3000 1500 1500 10000 
0 2500 2500 2500 2500 3000 3000 1500 1500 10000 
0 10000 3000 3000 3000 10000 
0 10000 3000 3000 3000 10000 
0 10000 3000 3000 3000 10000 
0 10000 3000 3000 3000 10000 
0 10000 3000 3000 10000 
0 10000 3000 1500 1500 3000 10000 
0 2500 1500 1500 1500 1500 2500 
0 625 625 625 625 1500 1500 1500 1500 2500 
0 2500 1500 1500 1500 1500 2500 
0 625 625 625 625 1500 1500 1500 1500 2500 
0 625 625 625 625 1500 1500 1500 1500 2500 
0 2500 1500 1500 1500 1500 2500 
0 625 625 625 625 1500 1500 1500 1500 2500 
0 625 625 625 625 1500 1500 1500 1500 2500 
0 2500 2500 2500 2500 3000 1500 1500 3000 1500 1500 10000 
0 10000 3000 3000 3000 3000 10000 
0 10000 3000 3000 3000 3000 10000 
0 10000 3000 3000 3000 3000 10000 
0 10000 3000 3000 3000 10000 
0 10000 3000 1500 1500 3000 10000 
0 2500 1500 1500 1500 1500 2500 
0 625 625 625 625 1500 1500 1500 1500 2500 
0 2500 1500 1500 1500 1500 2500 
0 2500 1500 1500 1500 1500 2500 
0 625 625 625 625 1500 1500 1500 1500 2500 
0 625 625 625 625 1500 1500 1500 1500 2500 
0 625 625 625 625 1500 1500 1500 1500 2500 
0 625 625 625 625 1500 1500 1500 1500 2500 
0 625 625 625 625 1500 1500 1500 1500 2500 
0 2500 1500 1500 1500 1500 2500 
0 625 625 625 625 1500 1500 1500 1500 2500 
0 625 625 625 625 1500 1500 1500 1500 2500 
0 2500 2500 2500 2500 3000 1500 1500 3000 1500 1500 10000 
0 10000 3000 3000 3000 3000 10000 
0 10000 3000 3000 3000 3000 10000 
0 10000 3000 3000 3000 10000 
0 10000 3000 3000 3000 10000 
0 10000 1500 1500 3000 1500 1500 3000 10000 
0 2500 1500 1500 1500 1500 2500 
0 625 625 625 625 1500 1500 1500 1500 2500 
0 2500 1500 1500 1500 1500 2500 
0 2500 1500 1500 1500 1500 2500 
0 625 625 625 625 1500 1500 1500 1500 2500 
0 625 625 625 625 1500 1500 1500 1500 2500 
0 625 625 625 625 1500 1500 1500 1500 2500 
0 625 625 625 625 1500 1500 1500 1500 2500 
0 2500 1500 1500 1500 1500 2500 
0 2500 1500 1500 1500 1500 2500 
0 625 625 625 625 1500 1500 1500 1500 2500 
0 2500 1500 1500 1500 1500 2500 
0 10000 3000 1500 1500 3000 1500 1500 10000 
0 10000 3000 3000 3000 3000 10000 
0 10000 3000 3000 3000 10000 
0 10000 3000 3000 3000 10000 
0 10000 3000 3000 3000 3000 10000 
0 10000 1500 1500 3000 1500 1500 3000 10000 
0 2500 1500 1500 1500 1500 2500 
0 625 625 625 625 1500 1500 1500 1500 2500 
0 2500 1500 1500 1500 1500 2500 
0 2500 1500 1500 1500 1500 2500 
0 625 625 625 625 1500 1500 1500 1500 2500 
0 625 625 625 625 1500 1500 1500 1500 2500 
0 625 625 625 625 1500 1500 1500 1500 2500 
0 625 625 625 625 1500 1500 1500 1500 2500 
0 2500 1500 1500 1500 1500 2500 
0 2500 1500 1500 1500 1500 2500 
0 625 625 625 625 1500 1500 1500 1500 2500 
0 2500 1500 1500 1500 1500 2500 
0 10000 3000 1500 1500 3000 3000 10000 
0 10000 3000 3000 3000 10000 
0 10000 3000 3000 3000 10000 
0 10000 3000 3000 3000 3000 10000 
0 10000 3000 3000 3000 3000 10000 
0 10000 1500 1500 3000 1500 1500 3000 10000 
0 2500 1500 1500 1500 1500 2500 
0 625 625 625 625 1500 1500 1500 1500 2500 
0 2500 1500 1500 1500 1500 2500 
0 625 625 625 625 1500 1500 1500 1500 2500 
0 625 625 625 625 1500 1500 1500 1500 2500 
0 625 625 625 625 1500 1500 1500 1500 2500 
0 625 625 625 625 1500 1500 1500 1500 2500 
0 625 625 625 625 1500 1500 1500 1500 2500 
0 2500 2500 2500 2500 3000 1500 1500 3000 3000 10000 
0 10000 3000 3000 3000 10000 
0 10000 3000 3000 3000 10000 
0 10000 3000 3000 3000 3000 10000 
0 10000 3000 3000 3000 3000 10000 
0 10000 3000 3000 3000 3000 10000 
0 2500 2500 2500 2500 1500 1500 3000 1500 1500 3000 10000 
0 2500 1500 1500 1500 1500 2500 
0 625 625 625 625 1500 1500 1500 1500 2500 
0 2500 1500 1500 1500 1500 2500 
0 2500 1500 1500 1500 1500 2500 
0 2500 2500 2500 2500 3000 1500 1500 3000 3000 10000 
0 10000 3000 3000 3000 10000 
0 10000 3000 3000 10000 
0 10000 3000 3000 3000 10000 
0 10000 3000 3000 3000 10000 
0 10000 3000 3000 3000 10000 
0 10000 3000 3000 3000 10000 
0 10000 1500 1500 3000 3000 10000 
0 10000 3000 3000 3000 10000 
0 10000 3000 3000 10000 
0 10000 3000 3000 
0 10000 3000 3000 3000 
0 10000 3000 3000 3000 
0 10000 3000 3000 3000 
0 10000 3000 3000 3000 
0 10000 3000 3000 3000 
0 10000 3000 3000 3000 
0 10000 3000 3000 
0 10000 3000 3000 3000 
0 2500 2500 2500 2500 3000 3000 3000 3000 
0 2500 2500 2500 2500 3000 3000 3000 3000 
0 10000 3000 3000 3000 3000 
0 10000 3000 3000 3000 3000 
0 10000 3000 3000 3000 3000 
0 10000 3000 3000 3000 3000 
0 10000 3000 3000 3000 
0 10000 3000 3000 3000 
0 2500 2500 2500 2500 3000 3000 3000 3000 
0 2500 2500 2500 2500 3000 3000 3000 3000 
0 2500 2500 2500 2500 3000 3000 3000 3000 
0 10000 3000 3000 3000 3000 
0 10000 3000 3000 3000 3000 
0 10000 3000 3000 3000 3000 
0 10000 3000 3000 3000 
0 10000 3000 3000 3000 
0 10000 3000 3000 3000 3000 
0 2500 2500 2500 2500 3000 3000 3000 3000 
0 2500 2500 2500 2500 3000 3000 3000 3000 
0 2500 2500 2500 2500 3000 3000 3000 3000 
0 10000 3000 3000 3000 3000 
0 10000 3000 3000 3000 3000 
0 10000 3000 3000 3000 
0 10000 3000 3000 3000 
0 10000 3000 3000 3000 3000 
0 10000 3000 3000 3000 3000 
0 2500 2500 2500 2500 3000 3000 3000 3000 
0 2500 2500 2500 2500 3000 3000 3000 3000 
0 2500 2500 2500 2500 3000 3000 3000 3000 
0 10000 3000 3000 3000 3000 
0 10000 3000 3000 3000 
0 10000 3000 3000 3000 
0 10000 3000 3000 3000 3000 
0 10000 3000 3000 3000 3000 
0 10000 3000 3000 3000 3000 
0 2500 2500 2500 2500 3000 3000 3000 3000 
0 2500 2500 2500 2500 3000 3000 3000 3000 
0 10000 3000 3000 3000 3000 
0 10000 3000 3000 3000 
0 10000 3000 3000 3000 
0 10000 3000 3000 3000 3000 
0 10000 3000 3000 3000 3000 
0 10000 3000 3000 3000 3000 
0 10000 3000 3000 3000 3000 
0 2500 2500 2500 2500 3000 3000 3000 3000 
0 10000 3000 3000 3000 3000 
0 10000 3000 3000 3000 
0 10000 3000 3000 
0 10000 3000 3000 3000 
0 10000 3000 3000 3000 
0 10000 3000 3000 3000 
0 10000 3000 3000 3000 
0 10000 3000 3000 3000 
0 10000 3000 3000 3000 
0 10000 3000 3000 