1 2 25 601 
2 1 3 26 602 
3 2 4 27 603 
4 3 5 28 604 
5 4 6 29 605 
6 5 7 30 606 
7 6 8 31 607 
8 7 9 32 608 
9 8 10 33 609 
10 9 11 34 610 
11 10 12 35 611 
12 11 13 36 612 
13 12 14 37 613 
14 13 15 38 614 
15 14 16 39 615 
16 15 17 40 616 
17 16 18 41 617 
18 17 19 42 618 
19 18 20 43 619 
20 19 21 44 620 
21 20 22 45 621 
22 21 23 46 622 
23 22 24 47 623 
24 23 48 624 
25 1 26 49 625 
26 2 25 27 50 626 
27 3 26 28 51 627 
28 4 27 29 52 628 
29 5 28 30 53 629 
30 6 29 31 54 630 
31 7 30 32 55 631 
32 8 31 33 56 632 
33 9 32 34 57 633 
34 10 33 35 58 634 
35 11 34 36 59 635 
36 12 35 37 60 636 
37 13 36 38 61 637 
38 14 37 39 62 638 
39 15 38 40 63 639 
40 16 39 41 64 640 
41 17 40 42 65 641 
42 18 41 43 66 642 
43 19 42 44 67 643 
44 20 43 45 68 644 
45 21 44 46 69 645 
46 22 45 47 70 646 
47 23 46 48 71 647 
48 24 47 72 648 
49 25 50 73 649 
50 26 49 51 74 650 
51 27 50 52 75 651 
52 28 51 53 76 652 
53 29 52 54 77 653 
54 30 53 55 78 654 
55 31 54 56 79 655 
56 32 55 57 80 656 
57 33 56 58 81 657 
58 34 57 59 82 658 
59 35 58 60 83 659 
60 36 59 61 84 660 
61 37 60 62 85 661 
62 38 61 63 86 662 
63 39 62 64 87 663 
64 40 63 65 88 664 
65 41 64 66 89 665 
66 42 65 67 90 666 
67 43 66 68 91 667 
68 44 67 69 92 668 
69 45 68 70 93 669 
70 46 69 71 94 670 
71 47 70 72 95 671 
72 48 71 96 672 
73 49 74 97 673 
74 50 73 75 98 674 
75 51 74 76 99 675 
76 52 75 77 100 676 
77 53 76 78 101 677 
78 54 77 79 102 678 
79 55 78 80 103 679 
80 56 79 81 104 680 
81 57 80 82 105 681 
82 58 81 83 106 682 
83 59 82 84 107 683 
84 60 83 85 108 684 
85 61 84 86 109 685 
86 62 85 87 110 686 
87 63 86 88 111 687 
88 64 87 89 112 688 
89 65 88 90 113 689 
90 66 89 91 114 690 
91 67 90 92 115 691 
92 68 91 93 116 692 
93 69 92 94 117 693 
94 70 93 95 118 694 
95 71 94 96 119 695 
96 72 95 120 696 
97 73 98 121 697 
98 74 97 99 122 698 
99 75 98 100 123 699 
100 76 99 101 124 700 
101 77 100 102 125 701 
102 78 101 103 126 702 
103 79 102 104 127 703 
104 80 103 105 128 704 
105 81 104 106 129 705 
106 82 105 107 130 706 
107 83 106 108 131 707 
108 84 107 109 132 708 
109 85 108 110 133 709 
110 86 109 111 134 710 
111 87 110 112 135 711 
112 88 111 113 136 712 
113 89 112 114 137 713 
114 90 113 115 138 714 
115 91 114 116 139 715 
116 92 115 117 140 716 
117 93 116 118 141 717 
118 94 117 119 142 718 
119 95 118 120 143 719 
120 96 119 144 720 
121 97 122 145 721 
122 98 121 123 146 722 
123 99 122 124 147 723 
124 100 123 125 148 724 
125 101 124 126 149 725 
126 102 125 127 150 726 
127 103 126 128 151 727 
128 104 127 129 152 728 
129 105 128 130 153 729 
130 106 129 131 154 730 
131 107 130 132 155 731 
132 108 131 133 156 732 
133 109 132 134 157 733 
134 110 133 135 158 734 
135 111 134 136 159 735 
136 112 135 137 160 736 
137 113 136 138 161 737 
138 114 137 139 162 738 
139 115 138 140 163 739 
140 116 139 141 164 740 
141 117 140 142 165 741 
142 118 141 143 166 742 
143 119 142 144 167 743 
144 120 143 168 744 
145 121 146 169 745 
146 122 145 147 170 746 
147 123 146 148 171 747 
148 124 147 149 172 748 
149 125 148 150 173 749 
150 126 149 151 174 750 
151 127 150 152 175 751 
152 128 151 153 176 752 
153 129 152 154 177 178 753 
154 130 153 155 181 182 754 
155 131 154 156 185 186 755 
156 132 155 157 189 756 
157 133 156 158 190 757 
158 134 157 159 191 758 
159 135 158 160 192 759 
160 136 159 161 193 760 
161 137 160 162 194 761 
162 138 161 163 195 762 
163 139 162 164 196 763 
164 140 163 165 197 764 
165 141 164 166 198 765 
166 142 165 167 199 766 
167 143 166 168 200 767 
168 144 167 201 768 
169 145 170 202 769 
170 146 169 171 203 770 
171 147 170 172 204 771 
172 148 171 173 205 772 
173 149 172 174 206 773 
174 150 173 175 207 774 
175 151 174 176 208 775 
176 152 175 177 179 209 210 776 
177 153 176 178 179 777 
178 153 177 180 181 778 
179 176 177 180 213 214 779 
180 178 179 183 217 218 780 
181 154 178 182 183 781 
182 154 181 184 185 782 
183 180 181 184 226 227 783 
184 182 183 187 230 231 784 
185 155 182 186 187 785 
186 155 185 188 189 786 
187 184 185 188 242 243 787 
188 186 187 189 246 788 
189 156 186 188 190 255 256 789 
190 157 189 191 265 266 790 
191 158 190 192 275 276 791 
192 159 191 193 285 286 792 
193 160 192 194 295 296 793 
194 161 193 195 305 306 794 
195 162 194 196 312 795 
196 163 195 197 313 796 
197 164 196 198 314 797 
198 165 197 199 315 798 
199 166 198 200 316 799 
200 167 199 201 317 800 
201 168 200 318 801 
202 169 203 319 802 
203 170 202 204 320 803 
204 171 203 205 321 804 
205 172 204 206 322 805 
206 173 205 207 323 806 
207 174 206 208 324 807 
208 175 207 209 211 325 808 
209 176 208 210 211 809 
210 176 209 212 213 215 810 
211 208 209 212 326 811 
212 210 211 221 326 812 
213 179 210 214 215 813 
214 179 213 216 217 814 
215 210 213 216 221 815 
216 214 215 219 221 816 
217 180 214 218 219 817 
218 180 217 220 226 818 
219 216 217 220 222 819 
220 218 219 223 228 820 
221 212 215 216 222 224 327 821 
222 219 221 223 224 822 
223 220 222 225 234 823 
224 221 222 225 328 824 
225 223 224 236 328 825 
226 183 218 227 228 826 
227 183 226 229 230 827 
228 220 226 229 234 828 
229 227 228 232 235 829 
230 184 227 231 232 830 
231 184 230 233 242 831 
232 229 230 233 238 832 
233 231 232 239 244 833 
234 223 228 235 236 834 
235 229 234 237 238 835 
236 225 234 237 331 836 
237 235 236 240 331 837 
238 232 235 239 240 838 
239 233 238 241 247 839 
240 237 238 241 332 840 
241 239 240 249 332 841 
242 187 231 243 244 842 
243 187 242 245 246 843 
244 233 242 245 247 844 
245 243 244 246 248 845 
246 188 243 245 251 252 255 846 
247 239 244 248 249 847 
248 245 247 250 251 848 
249 241 247 250 335 849 
250 248 249 253 335 850 
251 246 248 252 253 851 
252 246 251 254 257 852 
253 250 251 254 336 853 
254 252 253 259 337 854 
255 189 246 256 257 258 855 
256 189 255 261 262 265 856 
257 252 255 258 259 857 
258 255 257 260 261 858 
259 254 257 260 342 859 
260 258 259 263 343 860 
261 256 258 262 263 861 
262 256 261 264 267 862 
263 260 261 264 346 863 
264 262 263 269 347 864 
265 190 256 266 267 268 865 
266 190 265 271 272 275 866 
267 262 265 268 269 867 
268 265 267 270 271 868 
269 264 267 270 352 869 
270 268 269 273 353 870 
271 266 268 272 273 871 
272 266 271 274 277 872 
273 270 271 274 356 873 
274 272 273 279 357 874 
275 191 266 276 277 278 875 
276 191 275 281 282 285 876 
277 272 275 278 279 877 
278 275 277 280 281 878 
279 274 277 280 368 879 
280 278 279 283 369 880 
281 276 278 282 283 881 
282 276 281 284 287 882 
283 280 281 284 372 883 
284 282 283 289 373 884 
285 192 276 286 287 288 885 
286 192 285 291 292 295 886 
287 282 285 288 289 887 
288 285 287 290 291 888 
289 284 287 290 384 889 
290 288 289 293 385 890 
291 286 288 292 293 891 
292 286 291 294 297 892 
293 290 291 294 388 893 
294 292 293 299 389 894 
295 193 286 296 297 298 895 
296 193 295 301 302 305 896 
297 292 295 298 299 897 
298 295 297 300 301 898 
299 294 297 300 400 899 
300 298 299 303 401 900 
301 296 298 302 303 901 
302 296 301 304 307 902 
303 300 301 304 404 903 
304 302 303 309 405 904 
305 194 296 306 307 308 905 
306 194 305 311 312 906 
307 302 305 308 309 907 
308 305 307 310 311 908 
309 304 307 310 416 909 
310 308 309 311 417 910 
311 306 308 310 312 420 911 
312 195 306 311 313 423 912 
313 196 312 314 424 913 
314 197 313 315 425 914 
315 198 314 316 426 915 
316 199 315 317 427 916 
317 200 316 318 428 917 
318 201 317 429 918 
319 202 320 430 919 
320 203 319 321 431 920 
321 204 320 322 432 921 
322 205 321 323 433 922 
323 206 322 324 434 923 
324 207 323 325 435 924 
325 208 324 326 436 925 
326 211 212 325 327 329 437 926 
327 221 326 328 329 927 
328 224 225 327 330 331 928 
329 326 327 330 438 929 
330 328 329 333 438 930 
331 236 237 328 332 333 931 
332 240 241 331 334 335 932 
333 330 331 334 439 933 
334 332 333 340 439 934 
335 249 250 332 336 338 340 935 
336 253 335 337 338 936 
337 254 336 339 342 937 
338 335 336 339 341 938 
339 337 338 341 344 939 
340 334 335 341 440 940 
341 338 339 340 350 440 941 
342 259 337 343 344 942 
343 260 342 345 346 943 
344 339 342 345 350 944 
345 343 344 348 350 945 
346 263 343 347 348 946 
347 264 346 349 352 947 
348 345 346 349 351 948 
349 347 348 351 354 949 
350 341 344 345 351 441 950 
351 348 349 350 360 362 441 951 
352 269 347 353 354 952 
353 270 352 355 356 953 
354 349 352 355 360 954 
355 353 354 358 361 955 
356 273 353 357 358 956 
357 274 356 359 368 957 
358 355 356 359 364 958 
359 357 358 365 370 959 
360 351 354 361 362 960 
361 355 360 363 364 961 
362 351 360 363 442 962 
363 361 362 366 442 963 
364 358 361 365 366 964 
365 359 364 367 376 965 
366 363 364 367 443 966 
367 365 366 378 443 967 
368 279 357 369 370 968 
369 280 368 371 372 969 
370 359 368 371 376 970 
371 369 370 374 377 971 
372 283 369 373 374 972 
373 284 372 375 384 973 
374 371 372 375 380 974 
375 373 374 381 386 975 
376 365 370 377 378 976 
377 371 376 379 380 977 
378 367 376 379 446 978 
379 377 378 382 446 979 
380 374 377 381 382 980 
381 375 380 383 392 981 
382 379 380 383 447 982 
383 381 382 394 447 983 
384 289 373 385 386 984 
385 290 384 387 388 985 
386 375 384 387 392 986 
387 385 386 390 393 987 
388 293 385 389 390 988 
389 294 388 391 400 989 
390 387 388 391 396 990 
391 389 390 397 402 991 
392 381 386 393 394 992 
393 387 392 395 396 993 
394 383 392 395 450 994 
395 393 394 398 451 995 
396 390 393 397 398 996 
397 391 396 399 408 997 
398 395 396 399 454 998 
399 397 398 410 455 999 
400 299 389 401 402 1000 
401 300 400 403 404 1001 
402 391 400 403 408 1002 
403 401 402 406 409 1003 
404 303 401 405 406 1004 
405 304 404 407 416 1005 
406 403 404 407 412 1006 
407 405 406 413 418 1007 
408 397 402 409 410 1008 
409 403 408 411 412 1009 
410 399 408 411 460 1010 
411 409 410 414 461 1011 
412 406 409 413 414 1012 
413 407 412 415 421 1013 
414 411 412 415 464 1014 
415 413 414 421 465 1015 
416 309 405 417 418 1016 
417 310 416 419 420 1017 
418 407 416 419 421 1018 
419 417 418 420 421 1019 
420 311 417 419 422 423 1020 
421 413 415 418 419 422 470 1021 
422 420 421 423 471 1022 
423 312 420 422 424 474 1023 
424 313 423 425 475 1024 
425 314 424 426 476 1025 
426 315 425 427 477 1026 
427 316 426 428 478 1027 
428 317 427 429 479 1028 
429 318 428 480 1029 
430 319 431 481 1030 
431 320 430 432 482 1031 
432 321 431 433 483 1032 
433 322 432 434 484 1033 
434 323 433 435 485 1034 
435 324 434 436 486 1035 
436 325 435 437 487 1036 
437 326 436 438 488 1037 
438 329 330 437 439 489 1038 
439 333 334 438 440 490 1039 
440 340 341 439 441 491 1040 
441 350 351 440 442 444 492 1041 
442 362 363 441 443 444 1042 
443 366 367 442 445 446 1043 
444 441 442 445 493 1044 
445 443 444 448 493 1045 
446 378 379 443 447 448 1046 
447 382 383 446 449 450 452 1047 
448 445 446 449 494 1048 
449 447 448 458 494 1049 
450 394 447 451 452 1050 
451 395 450 453 454 1051 
452 447 450 453 458 1052 
453 451 452 456 458 1053 
454 398 451 455 456 1054 
455 399 454 457 460 1055 
456 453 454 457 459 1056 
457 455 456 459 462 1057 
458 449 452 453 459 495 1058 
459 456 457 458 468 495 1059 
460 410 455 461 462 1060 
461 411 460 463 464 1061 
462 457 460 463 468 1062 
463 461 462 466 468 1063 
464 414 461 465 466 1064 
465 415 464 467 470 1065 
466 463 464 467 469 1066 
467 465 466 469 470 1067 
468 459 462 463 469 496 1068 
469 466 467 468 472 496 1069 
470 421 465 467 471 472 1070 
471 422 470 473 474 1071 
472 469 470 473 497 1072 
473 471 472 474 497 1073 
474 423 471 473 475 498 1074 
475 424 474 476 499 1075 
476 425 475 477 500 1076 
477 426 476 478 501 1077 
478 427 477 479 502 1078 
479 428 478 480 503 1079 
480 429 479 504 1080 
481 430 482 505 1081 
482 431 481 483 506 1082 
483 432 482 484 507 1083 
484 433 483 485 508 1084 
485 434 484 486 509 1085 
486 435 485 487 510 1086 
487 436 486 488 511 1087 
488 437 487 489 512 1088 
489 438 488 490 513 1089 
490 439 489 491 514 1090 
491 440 490 492 515 1091 
492 441 491 493 516 1092 
493 444 445 492 494 517 1093 
494 448 449 493 495 518 1094 
495 458 459 494 496 519 1095 
496 468 469 495 497 520 1096 
497 472 473 496 498 521 1097 
498 474 497 499 522 1098 
499 475 498 500 523 1099 
500 476 499 501 524 1100 
501 477 500 502 525 1101 
502 478 501 503 526 1102 
503 479 502 504 527 1103 
504 480 503 528 1104 
505 481 506 529 1105 
506 482 505 507 530 1106 
507 483 506 508 531 1107 
508 484 507 509 532 1108 
509 485 508 510 533 1109 
510 486 509 511 534 1110 
511 487 510 512 535 1111 
512 488 511 513 536 1112 
513 489 512 514 537 1113 
514 490 513 515 538 1114 
515 491 514 516 539 1115 
516 492 515 517 540 1116 
517 493 516 518 541 1117 
518 494 517 519 542 1118 
519 495 518 520 543 1119 
520 496 519 521 544 1120 
521 497 520 522 545 1121 
522 498 521 523 546 1122 
523 499 522 524 547 1123 
524 500 523 525 548 1124 
525 501 524 526 549 1125 
526 502 525 527 550 1126 
527 503 526 528 551 1127 
528 504 527 552 1128 
529 505 530 553 1129 
530 506 529 531 554 1130 
531 507 530 532 555 1131 
532 508 531 533 556 1132 
533 509 532 534 557 1133 
534 510 533 535 558 1134 
535 511 534 536 559 1135 
536 512 535 537 560 1136 
537 513 536 538 561 1137 
538 514 537 539 562 1138 
539 515 538 540 563 1139 
540 516 539 541 564 1140 
541 517 540 542 565 1141 
542 518 541 543 566 1142 
543 519 542 544 567 1143 
544 520 543 545 568 1144 
545 521 544 546 569 1145 
546 522 545 547 570 1146 
547 523 546 548 571 1147 
548 524 547 549 572 1148 
549 525 548 550 573 1149 
550 526 549 551 574 1150 
551 527 550 552 575 1151 
552 528 551 576 1152 
553 529 554 577 1153 
554 530 553 555 578 1154 
555 531 554 556 579 1155 
556 532 555 557 580 1156 
557 533 556 558 581 1157 
558 534 557 559 582 1158 
559 535 558 560 583 1159 
560 536 559 561 584 1160 
561 537 560 562 585 1161 
562 538 561 563 586 1162 
563 539 562 564 587 1163 
564 540 563 565 588 1164 
565 541 564 566 589 1165 
566 542 565 567 590 1166 
567 543 566 568 591 1167 
568 544 567 569 592 1168 
569 545 568 570 593 1169 
570 546 569 571 594 1170 
571 547 570 572 595 1171 
572 548 571 573 596 1172 
573 549 572 574 597 1173 
574 550 573 575 598 1174 
575 551 574 576 599 1175 
576 552 575 600 1176 
577 553 578 1177 
578 554 577 579 1178 
579 555 578 580 1179 
580 556 579 581 1180 
581 557 580 582 1181 
582 558 581 583 1182 
583 559 582 584 1183 
584 560 583 585 1184 
585 561 584 586 1185 
586 562 585 587 1186 
587 563 586 588 1187 
588 564 587 589 1188 
589 565 588 590 1189 
590 566 589 591 1190 
591 567 590 592 1191 
592 568 591 593 1192 
593 569 592 594 1193 
594 570 593 595 1194 
595 571 594 596 1195 
596 572 595 597 1196 
597 573 596 598 1197 
598 574 597 599 1198 
599 575 598 600 1199 
600 576 599 1200 
601 1 602 625 1201 
602 2 601 603 626 1202 
603 3 602 604 627 1203 
604 4 603 605 628 1204 
605 5 604 606 629 1205 
606 6 605 607 630 1206 
607 7 606 608 631 1207 
608 8 607 609 632 1208 
609 9 608 610 633 1209 
610 10 609 611 634 1210 
611 11 610 612 635 1211 
612 12 611 613 636 1212 
613 13 612 614 637 1213 
614 14 613 615 638 1214 
615 15 614 616 639 1215 
616 16 615 617 640 1216 
617 17 616 618 641 1217 
618 18 617 619 642 1218 
619 19 618 620 643 1219 
620 20 619 621 644 1220 
621 21 620 622 645 1221 
622 22 621 623 646 1222 
623 23 622 624 647 1223 
624 24 623 648 1224 
625 25 601 626 649 1225 
626 26 602 625 627 650 1226 
627 27 603 626 628 651 1227 
628 28 604 627 629 652 1228 
629 29 605 628 630 653 1229 
630 30 606 629 631 654 1230 
631 31 607 630 632 655 1231 
632 32 608 631 633 656 1232 
633 33 609 632 634 657 1233 
634 34 610 633 635 658 1234 
635 35 611 634 636 659 1235 
636 36 612 635 637 660 1236 
637 37 613 636 638 661 1237 
638 38 614 637 639 662 1238 
639 39 615 638 640 663 1239 
640 40 616 639 641 664 1240 
641 41 617 640 642 665 1241 
642 42 618 641 643 666 1242 
643 43 619 642 644 667 1243 
644 44 620 643 645 668 1244 
645 45 621 644 646 669 1245 
646 46 622 645 647 670 1246 
647 47 623 646 648 671 1247 
648 48 624 647 672 1248 
649 49 625 650 673 1249 
650 50 626 649 651 674 1250 
651 51 627 650 652 675 1251 
652 52 628 651 653 676 1252 
653 53 629 652 654 677 1253 
654 54 630 653 655 678 1254 
655 55 631 654 656 679 1255 
656 56 632 655 657 680 1256 
657 57 633 656 658 681 1257 
658 58 634 657 659 682 1258 
659 59 635 658 660 683 1259 
660 60 636 659 661 684 1260 
661 61 637 660 662 685 1261 
662 62 638 661 663 686 1262 
663 63 639 662 664 687 1263 
664 64 640 663 665 688 1264 
665 65 641 664 666 689 1265 
666 66 642 665 667 690 1266 
667 67 643 666 668 691 1267 
668 68 644 667 669 692 1268 
669 69 645 668 670 693 1269 
670 70 646 669 671 694 1270 
671 71 647 670 672 695 1271 
672 72 648 671 696 1272 
673 73 649 674 697 1273 
674 74 650 673 675 698 1274 
675 75 651 674 676 699 1275 
676 76 652 675 677 700 1276 
677 77 653 676 678 701 1277 
678 78 654 677 679 702 1278 
679 79 655 678 680 703 1279 
680 80 656 679 681 704 1280 
681 81 657 680 682 705 1281 
682 82 658 681 683 706 1282 
683 83 659 682 684 707 1283 
684 84 660 683 685 708 1284 
685 85 661 684 686 709 1285 
686 86 662 685 687 710 1286 
687 87 663 686 688 711 1287 
688 88 664 687 689 712 1288 
689 89 665 688 690 713 1289 
690 90 666 689 691 714 1290 
691 91 667 690 692 715 1291 
692 92 668 691 693 716 1292 
693 93 669 692 694 717 1293 
694 94 670 693 695 718 1294 
695 95 671 694 696 719 1295 
696 96 672 695 720 1296 
697 97 673 698 721 1297 
698 98 674 697 699 722 1298 
699 99 675 698 700 723 1299 
700 100 676 699 701 724 1300 
701 101 677 700 702 725 1301 
702 102 678 701 703 726 1302 
703 103 679 702 704 727 1303 
704 104 680 703 705 728 1304 
705 105 681 704 706 729 1305 
706 106 682 705 707 730 1306 
707 107 683 706 708 731 1307 
708 108 684 707 709 732 1308 
709 109 685 708 710 733 1309 
710 110 686 709 711 734 1310 
711 111 687 710 712 735 1311 
712 112 688 711 713 736 1312 
713 113 689 712 714 737 1313 
714 114 690 713 715 738 1314 
715 115 691 714 716 739 1315 
716 116 692 715 717 740 1316 
717 117 693 716 718 741 1317 
718 118 694 717 719 742 1318 
719 119 695 718 720 743 1319 
720 120 696 719 744 1320 
721 121 697 722 745 1321 
722 122 698 721 723 746 1322 
723 123 699 722 724 747 1323 
724 124 700 723 725 748 1324 
725 125 701 724 726 749 1325 
726 126 702 725 727 750 1326 
727 127 703 726 728 751 1327 
728 128 704 727 729 752 1328 
729 129 705 728 730 753 1329 
730 130 706 729 731 754 1330 
731 131 707 730 732 755 1331 
732 132 708 731 733 756 1332 
733 133 709 732 734 757 1333 
734 134 710 733 735 758 1334 
735 135 711 734 736 759 1335 
736 136 712 735 737 760 1336 
737 137 713 736 738 761 1337 
738 138 714 737 739 762 1338 
739 139 715 738 740 763 1339 
740 140 716 739 741 764 1340 
741 141 717 740 742 765 1341 
742 142 718 741 743 766 1342 
743 143 719 742 744 767 1343 
744 144 720 743 768 1344 
745 145 721 746 769 1345 
746 146 722 745 747 770 1346 
747 147 723 746 748 771 1347 
748 148 724 747 749 772 1348 
749 149 725 748 750 773 1349 
750 150 726 749 751 774 1350 
751 151 727 750 752 775 1351 
752 152 728 751 753 776 1352 
753 153 729 752 754 777 778 1353 
754 154 730 753 755 781 782 1354 
755 155 731 754 756 785 786 1355 
756 156 732 755 757 789 1356 
757 157 733 756 758 790 1357 
758 158 734 757 759 791 1358 
759 159 735 758 760 792 1359 
760 160 736 759 761 793 1360 
761 161 737 760 762 794 1361 
762 162 738 761 763 795 1362 
763 163 739 762 764 796 1363 
764 164 740 763 765 797 1364 
765 165 741 764 766 798 1365 
766 166 742 765 767 799 1366 
767 167 743 766 768 800 1367 
768 168 744 767 801 1368 
769 169 745 770 802 1369 
770 170 746 769 771 803 1370 
771 171 747 770 772 804 1371 
772 172 748 771 773 805 1372 
773 173 749 772 774 806 1373 
774 174 750 773 775 807 1374 
775 175 751 774 776 808 1375 
776 176 752 775 777 779 809 810 1376 
777 177 753 776 778 779 1377 
778 178 753 777 780 781 1378 
779 179 776 777 780 813 814 1379 
780 180 778 779 783 817 818 1380 
781 181 754 778 782 783 1381 
782 182 754 781 784 785 1382 
783 183 780 781 784 826 827 1383 
784 184 782 783 787 830 831 1384 
785 185 755 782 786 787 1385 
786 186 755 785 788 789 1386 
787 187 784 785 788 842 843 1387 
788 188 786 787 789 846 1388 
789 189 756 786 788 790 855 856 1389 
790 190 757 789 791 865 866 1390 
791 191 758 790 792 875 876 1391 
792 192 759 791 793 885 886 1392 
793 193 760 792 794 895 896 1393 
794 194 761 793 795 905 906 1394 
795 195 762 794 796 912 1395 
796 196 763 795 797 913 1396 
797 197 764 796 798 914 1397 
798 198 765 797 799 915 1398 
799 199 766 798 800 916 1399 
800 200 767 799 801 917 1400 
801 201 768 800 918 1401 
802 202 769 803 919 1402 
803 203 770 802 804 920 1403 
804 204 771 803 805 921 1404 
805 205 772 804 806 922 1405 
806 206 773 805 807 923 1406 
807 207 774 806 808 924 1407 
808 208 775 807 809 811 925 1408 
809 209 776 808 810 811 1409 
810 210 776 809 812 813 815 1410 
811 211 808 809 812 926 1411 
812 212 810 811 821 926 1412 
813 213 779 810 814 815 1413 
814 214 779 813 816 817 1414 
815 215 810 813 816 821 1415 
816 216 814 815 819 821 1416 
817 217 780 814 818 819 1417 
818 218 780 817 820 826 1418 
819 219 816 817 820 822 1419 
820 220 818 819 823 828 1420 
821 221 812 815 816 822 824 927 1421 
822 222 819 821 823 824 1422 
823 223 820 822 825 834 1423 
824 224 821 822 825 928 1424 
825 225 823 824 836 928 1425 
826 226 783 818 827 828 1426 
827 227 783 826 829 830 1427 
828 228 820 826 829 834 1428 
829 229 827 828 832 835 1429 
830 230 784 827 831 832 1430 
831 231 784 830 833 842 1431 
832 232 829 830 833 838 1432 
833 233 831 832 839 844 1433 
834 234 823 828 835 836 1434 
835 235 829 834 837 838 1435 
836 236 825 834 837 931 1436 
837 237 835 836 840 931 1437 
838 238 832 835 839 840 1438 
839 239 833 838 841 847 1439 
840 240 837 838 841 932 1440 
841 241 839 840 849 932 1441 
842 242 787 831 843 844 1442 
843 243 787 842 845 846 1443 
844 244 833 842 845 847 1444 
845 245 843 844 846 848 1445 
846 246 788 843 845 851 852 855 1446 
847 247 839 844 848 849 1447 
848 248 845 847 850 851 1448 
849 249 841 847 850 935 1449 
850 250 848 849 853 935 1450 
851 251 846 848 852 853 1451 
852 252 846 851 854 857 1452 
853 253 850 851 854 936 1453 
854 254 852 853 859 937 1454 
855 255 789 846 856 857 858 1455 
856 256 789 855 861 862 865 1456 
857 257 852 855 858 859 1457 
858 258 855 857 860 861 1458 
859 259 854 857 860 942 1459 
860 260 858 859 863 943 1460 
861 261 856 858 862 863 1461 
862 262 856 861 864 867 1462 
863 263 860 861 864 946 1463 
864 264 862 863 869 947 1464 
865 265 790 856 866 867 868 1465 
866 266 790 865 871 872 875 1466 
867 267 862 865 868 869 1467 
868 268 865 867 870 871 1468 
869 269 864 867 870 952 1469 
870 270 868 869 873 953 1470 
871 271 866 868 872 873 1471 
872 272 866 871 874 877 1472 
873 273 870 871 874 956 1473 
874 274 872 873 879 957 1474 
875 275 791 866 876 877 878 1475 
876 276 791 875 881 882 885 1476 
877 277 872 875 878 879 1477 
878 278 875 877 880 881 1478 
879 279 874 877 880 968 1479 
880 280 878 879 883 969 1480 
881 281 876 878 882 883 1481 
882 282 876 881 884 887 1482 
883 283 880 881 884 972 1483 
884 284 882 883 889 973 1484 
885 285 792 876 886 887 888 1485 
886 286 792 885 891 892 895 1486 
887 287 882 885 888 889 1487 
888 288 885 887 890 891 1488 
889 289 884 887 890 984 1489 
890 290 888 889 893 985 1490 
891 291 886 888 892 893 1491 
892 292 886 891 894 897 1492 
893 293 890 891 894 988 1493 
894 294 892 893 899 989 1494 
895 295 793 886 896 897 898 1495 
896 296 793 895 901 902 905 1496 
897 297 892 895 898 899 1497 
898 298 895 897 900 901 1498 
899 299 894 897 900 1000 1499 
900 300 898 899 903 1001 1500 
901 301 896 898 902 903 1501 
902 302 896 901 904 907 1502 
903 303 900 901 904 1004 1503 
904 304 902 903 909 1005 1504 
905 305 794 896 906 907 908 1505 
906 306 794 905 911 912 1506 
907 307 902 905 908 909 1507 
908 308 905 907 910 911 1508 
909 309 904 907 910 1016 1509 
910 310 908 909 911 1017 1510 
911 311 906 908 910 912 1020 1511 
912 312 795 906 911 913 1023 1512 
913 313 796 912 914 1024 1513 
914 314 797 913 915 1025 1514 
915 315 798 914 916 1026 1515 
916 316 799 915 917 1027 1516 
917 317 800 916 918 1028 1517 
918 318 801 917 1029 1518 
919 319 802 920 1030 1519 
920 320 803 919 921 1031 1520 
921 321 804 920 922 1032 1521 
922 322 805 921 923 1033 1522 
923 323 806 922 924 1034 1523 
924 324 807 923 925 1035 1524 
925 325 808 924 926 1036 1525 
926 326 811 812 925 927 929 1037 1526 
927 327 821 926 928 929 1527 
928 328 824 825 927 930 931 1528 
929 329 926 927 930 1038 1529 
930 330 928 929 933 1038 1530 
931 331 836 837 928 932 933 1531 
932 332 840 841 931 934 935 1532 
933 333 930 931 934 1039 1533 
934 334 932 933 940 1039 1534 
935 335 849 850 932 936 938 940 1535 
936 336 853 935 937 938 1536 
937 337 854 936 939 942 1537 
938 338 935 936 939 941 1538 
939 339 937 938 941 944 1539 
940 340 934 935 941 1040 1540 
941 341 938 939 940 950 1040 1541 
942 342 859 937 943 944 1542 
943 343 860 942 945 946 1543 
944 344 939 942 945 950 1544 
945 345 943 944 948 950 1545 
946 346 863 943 947 948 1546 
947 347 864 946 949 952 1547 
948 348 945 946 949 951 1548 
949 349 947 948 951 954 1549 
950 350 941 944 945 951 1041 1550 
951 351 948 949 950 960 962 1041 1551 
952 352 869 947 953 954 1552 
953 353 870 952 955 956 1553 
954 354 949 952 955 960 1554 
955 355 953 954 958 961 1555 
956 356 873 953 957 958 1556 
957 357 874 956 959 968 1557 
958 358 955 956 959 964 1558 
959 359 957 958 965 970 1559 
960 360 951 954 961 962 1560 
961 361 955 960 963 964 1561 
962 362 951 960 963 1042 1562 
963 363 961 962 966 1042 1563 
964 364 958 961 965 966 1564 
965 365 959 964 967 976 1565 
966 366 963 964 967 1043 1566 
967 367 965 966 978 1043 1567 
968 368 879 957 969 970 1568 
969 369 880 968 971 972 1569 
970 370 959 968 971 976 1570 
971 371 969 970 974 977 1571 
972 372 883 969 973 974 1572 
973 373 884 972 975 984 1573 
974 374 971 972 975 980 1574 
975 375 973 974 981 986 1575 
976 376 965 970 977 978 1576 
977 377 971 976 979 980 1577 
978 378 967 976 979 1046 1578 
979 379 977 978 982 1046 1579 
980 380 974 977 981 982 1580 
981 381 975 980 983 992 1581 
982 382 979 980 983 1047 1582 
983 383 981 982 994 1047 1583 
984 384 889 973 985 986 1584 
985 385 890 984 987 988 1585 
986 386 975 984 987 992 1586 
987 387 985 986 990 993 1587 
988 388 893 985 989 990 1588 
989 389 894 988 991 1000 1589 
990 390 987 988 991 996 1590 
991 391 989 990 997 1002 1591 
992 392 981 986 993 994 1592 
993 393 987 992 995 996 1593 
994 394 983 992 995 1050 1594 
995 395 993 994 998 1051 1595 
996 396 990 993 997 998 1596 
997 397 991 996 999 1008 1597 
998 398 995 996 999 1054 1598 
999 399 997 998 1010 1055 1599 
1000 400 899 989 1001 1002 1600 
1001 401 900 1000 1003 1004 1601 
1002 402 991 1000 1003 1008 1602 
1003 403 1001 1002 1006 1009 1603 
1004 404 903 1001 1005 1006 1604 
1005 405 904 1004 1007 1016 1605 
1006 406 1003 1004 1007 1012 1606 
1007 407 1005 1006 1013 1018 1607 
1008 408 997 1002 1009 1010 1608 
1009 409 1003 1008 1011 1012 1609 
1010 410 999 1008 1011 1060 1610 
1011 411 1009 1010 1014 1061 1611 
1012 412 1006 1009 1013 1014 1612 
1013 413 1007 1012 1015 1021 1613 
1014 414 1011 1012 1015 1064 1614 
1015 415 1013 1014 1021 1065 1615 
1016 416 909 1005 1017 1018 1616 
1017 417 910 1016 1019 1020 1617 
1018 418 1007 1016 1019 1021 1618 
1019 419 1017 1018 1020 1021 1619 
1020 420 911 1017 1019 1022 1023 1620 
1021 421 1013 1015 1018 1019 1022 1070 1621 
1022 422 1020 1021 1023 1071 1622 
1023 423 912 1020 1022 1024 1074 1623 
1024 424 913 1023 1025 1075 1624 
1025 425 914 1024 1026 1076 1625 
1026 426 915 1025 1027 1077 1626 
1027 427 916 1026 1028 1078 1627 
1028 428 917 1027 1029 1079 1628 
1029 429 918 1028 1080 1629 
1030 430 919 1031 1081 1630 
1031 431 920 1030 1032 1082 1631 
1032 432 921 1031 1033 1083 1632 
1033 433 922 1032 1034 1084 1633 
1034 434 923 1033 1035 1085 1634 
1035 435 924 1034 1036 1086 1635 
1036 436 925 1035 1037 1087 1636 
1037 437 926 1036 1038 1088 1637 
1038 438 929 930 1037 1039 1089 1638 
1039 439 933 934 1038 1040 1090 1639 
1040 440 940 941 1039 1041 1091 1640 
1041 441 950 951 1040 1042 1044 1092 1641 
1042 442 962 963 1041 1043 1044 1642 
1043 443 966 967 1042 1045 1046 1643 
1044 444 1041 1042 1045 1093 1644 
1045 445 1043 1044 1048 1093 1645 
1046 446 978 979 1043 1047 1048 1646 
1047 447 982 983 1046 1049 1050 1052 1647 
1048 448 1045 1046 1049 1094 1648 
1049 449 1047 1048 1058 1094 1649 
1050 450 994 1047 1051 1052 1650 
1051 451 995 1050 1053 1054 1651 
1052 452 1047 1050 1053 1058 1652 
1053 453 1051 1052 1056 1058 1653 
1054 454 998 1051 1055 1056 1654 
1055 455 999 1054 1057 1060 1655 
1056 456 1053 1054 1057 1059 1656 
1057 457 1055 1056 1059 1062 1657 
1058 458 1049 1052 1053 1059 1095 1658 
1059 459 1056 1057 1058 1068 1095 1659 
1060 460 1010 1055 1061 1062 1660 
1061 461 1011 1060 1063 1064 1661 
1062 462 1057 1060 1063 1068 1662 
1063 463 1061 1062 1066 1068 1663 
1064 464 1014 1061 1065 1066 1664 
1065 465 1015 1064 1067 1070 1665 
1066 466 1063 1064 1067 1069 1666 
1067 467 1065 1066 1069 1070 1667 
1068 468 1059 1062 1063 1069 1096 1668 
1069 469 1066 1067 1068 1072 1096 1669 
1070 470 1021 1065 1067 1071 1072 1670 
1071 471 1022 1070 1073 1074 1671 
1072 472 1069 1070 1073 1097 1672 
1073 473 1071 1072 1074 1097 1673 
1074 474 1023 1071 1073 1075 1098 1674 
1075 475 1024 1074 1076 1099 1675 
1076 476 1025 1075 1077 1100 1676 
1077 477 1026 1076 1078 1101 1677 
1078 478 1027 1077 1079 1102 1678 
1079 479 1028 1078 1080 1103 1679 
1080 480 1029 1079 1104 1680 
1081 481 1030 1082 1105 1681 
1082 482 1031 1081 1083 1106 1682 
1083 483 1032 1082 1084 1107 1683 
1084 484 1033 1083 1085 1108 1684 
1085 485 1034 1084 1086 1109 1685 
1086 486 1035 1085 1087 1110 1686 
1087 487 1036 1086 1088 1111 1687 
1088 488 1037 1087 1089 1112 1688 
1089 489 1038 1088 1090 1113 1689 
1090 490 1039 1089 1091 1114 1690 
1091 491 1040 1090 1092 1115 1691 
1092 492 1041 1091 1093 1116 1692 
1093 493 1044 1045 1092 1094 1117 1693 
1094 494 1048 1049 1093 1095 1118 1694 
1095 495 1058 1059 1094 1096 1119 1695 
1096 496 1068 1069 1095 1097 1120 1696 
1097 497 1072 1073 1096 1098 1121 1697 
1098 498 1074 1097 1099 1122 1698 
1099 499 1075 1098 1100 1123 1699 
1100 500 1076 1099 1101 1124 1700 
1101 501 1077 1100 1102 1125 1701 
1102 502 1078 1101 1103 1126 1702 
1103 503 1079 1102 1104 1127 1703 
1104 504 1080 1103 1128 1704 
1105 505 1081 1106 1129 1705 
1106 506 1082 1105 1107 1130 1706 
1107 507 1083 1106 1108 1131 1707 
1108 508 1084 1107 1109 1132 1708 
1109 509 1085 1108 1110 1133 1709 
1110 510 1086 1109 1111 1134 1710 
1111 511 1087 1110 1112 1135 1711 
1112 512 1088 1111 1113 1136 1712 
1113 513 1089 1112 1114 1137 1713 
1114 514 1090 1113 1115 1138 1714 
1115 515 1091 1114 1116 1139 1715 
1116 516 1092 1115 1117 1140 1716 
1117 517 1093 1116 1118 1141 1717 
1118 518 1094 1117 1119 1142 1718 
1119 519 1095 1118 1120 1143 1719 
1120 520 1096 1119 1121 1144 1720 
1121 521 1097 1120 1122 1145 1721 
1122 522 1098 1121 1123 1146 1722 
1123 523 1099 1122 1124 1147 1723 
1124 524 1100 1123 1125 1148 1724 
1125 525 1101 1124 1126 1149 1725 
1126 526 1102 1125 1127 1150 1726 
1127 527 1103 1126 1128 1151 1727 
1128 528 1104 1127 1152 1728 
1129 529 1105 1130 1153 1729 
1130 530 1106 1129 1131 1154 1730 
1131 531 1107 1130 1132 1155 1731 
1132 532 1108 1131 1133 1156 1732 
1133 533 1109 1132 1134 1157 1733 
1134 534 1110 1133 1135 1158 1734 
1135 535 1111 1134 1136 1159 1735 
1136 536 1112 1135 1137 1160 1736 
1137 537 1113 1136 1138 1161 1737 
1138 538 1114 1137 1139 1162 1738 
1139 539 1115 1138 1140 1163 1739 
1140 540 1116 1139 1141 1164 1740 
1141 541 1117 1140 1142 1165 1741 
1142 542 1118 1141 1143 1166 1742 
1143 543 1119 1142 1144 1167 1743 
1144 544 1120 1143 1145 1168 1744 
1145 545 1121 1144 1146 1169 1745 
1146 546 1122 1145 1147 1170 1746 
1147 547 1123 1146 1148 1171 1747 
1148 548 1124 1147 1149 1172 1748 
1149 549 1125 1148 1150 1173 1749 
1150 550 1126 1149 1151 1174 1750 
1151 551 1127 1150 1152 1175 1751 
1152 552 1128 1151 1176 1752 
1153 553 1129 1154 1177 1753 
1154 554 1130 1153 1155 1178 1754 
1155 555 1131 1154 1156 1179 1755 
1156 556 1132 1155 1157 1180 1756 
1157 557 1133 1156 1158 1181 1757 
1158 558 1134 1157 1159 1182 1758 
1159 559 1135 1158 1160 1183 1759 
1160 560 1136 1159 1161 1184 1760 
1161 561 1137 1160 1162 1185 1761 
1162 562 1138 1161 1163 1186 1762 
1163 563 1139 1162 1164 1187 1763 
1164 564 1140 1163 1165 1188 1764 
1165 565 1141 1164 1166 1189 1765 
1166 566 1142 1165 1167 1190 1766 
1167 567 1143 1166 1168 1191 1767 
1168 568 1144 1167 1169 1192 1768 
1169 569 1145 1168 1170 1193 1769 
1170 570 1146 1169 1171 1194 1770 
1171 571 1147 1170 1172 1195 1771 
1172 572 1148 1171 1173 1196 1772 
1173 573 1149 1172 1174 1197 1773 
1174 574 1150 1173 1175 1198 1774 
1175 575 1151 1174 1176 1199 1775 
1176 576 1152 1175 1200 1776 
1177 577 1153 1178 1777 
1178 578 1154 1177 1179 1778 
1179 579 1155 1178 1180 1779 
1180 580 1156 1179 1181 1780 
1181 581 1157 1180 1182 1781 
1182 582 1158 1181 1183 1782 
1183 583 1159 1182 1184 1783 
1184 584 1160 1183 1185 1784 
1185 585 1161 1184 1186 1785 
1186 586 1162 1185 1187 1786 
1187 587 1163 1186 1188 1787 
1188 588 1164 1187 1189 1788 
1189 589 1165 1188 1190 1789 
1190 590 1166 1189 1191 1790 
1191 591 1167 1190 1192 1791 
1192 592 1168 1191 1193 1792 
1193 593 1169 1192 1194 1793 
1194 594 1170 1193 1195 1794 
1195 595 1171 1194 1196 1795 
1196 596 1172 1195 1197 1796 
1197 597 1173 1196 1198 1797 
1198 598 1174 1197 1199 1798 
1199 599 1175 1198 1200 1799 
1200 600 1176 1199 1800 
1201 601 1202 1225 1801 
1202 602 1201 1203 1226 1802 
1203 603 1202 1204 1227 1803 
1204 604 1203 1205 1228 1804 
1205 605 1204 1206 1229 1805 
1206 606 1205 1207 1230 1806 
1207 607 1206 1208 1231 1807 
1208 608 1207 1209 1232 1808 
1209 609 1208 1210 1233 1809 
1210 610 1209 1211 1234 1810 
1211 611 1210 1212 1235 1811 
1212 612 1211 1213 1236 1812 
1213 613 1212 1214 1237 1813 
1214 614 1213 1215 1238 1814 
1215 615 1214 1216 1239 1815 
1216 616 1215 1217 1240 1816 
1217 617 1216 1218 1241 1817 
1218 618 1217 1219 1242 1818 
1219 619 1218 1220 1243 1819 
1220 620 1219 1221 1244 1820 
1221 621 1220 1222 1245 1821 
1222 622 1221 1223 1246 1822 
1223 623 1222 1224 1247 1823 
1224 624 1223 1248 1824 
1225 625 1201 1226 1249 1825 
1226 626 1202 1225 1227 1250 1826 
1227 627 1203 1226 1228 1251 1827 
1228 628 1204 1227 1229 1252 1828 
1229 629 1205 1228 1230 1253 1829 
1230 630 1206 1229 1231 1254 1830 
1231 631 1207 1230 1232 1255 1831 
1232 632 1208 1231 1233 1256 1832 
1233 633 1209 1232 1234 1257 1833 
1234 634 1210 1233 1235 1258 1834 
1235 635 1211 1234 1236 1259 1835 
1236 636 1212 1235 1237 1260 1836 
1237 637 1213 1236 1238 1261 1837 
1238 638 1214 1237 1239 1262 1838 
1239 639 1215 1238 1240 1263 1839 
1240 640 1216 1239 1241 1264 1840 
1241 641 1217 1240 1242 1265 1841 
1242 642 1218 1241 1243 1266 1842 
1243 643 1219 1242 1244 1267 1843 
1244 644 1220 1243 1245 1268 1844 
1245 645 1221 1244 1246 1269 1845 
1246 646 1222 1245 1247 1270 1846 
1247 647 1223 1246 1248 1271 1847 
1248 648 1224 1247 1272 1848 
1249 649 1225 1250 1273 1849 
1250 650 1226 1249 1251 1274 1850 
1251 651 1227 1250 1252 1275 1851 
1252 652 1228 1251 1253 1276 1852 
1253 653 1229 1252 1254 1277 1853 
1254 654 1230 1253 1255 1278 1854 
1255 655 1231 1254 1256 1279 1855 
1256 656 1232 1255 1257 1280 1856 
1257 657 1233 1256 1258 1281 1857 
1258 658 1234 1257 1259 1282 1858 
1259 659 1235 1258 1260 1283 1859 
1260 660 1236 1259 1261 1284 1860 
1261 661 1237 1260 1262 1285 1861 
1262 662 1238 1261 1263 1286 1862 
1263 663 1239 1262 1264 1287 1863 
1264 664 1240 1263 1265 1288 1864 
1265 665 1241 1264 1266 1289 1865 
1266 666 1242 1265 1267 1290 1866 
1267 667 1243 1266 1268 1291 1867 
1268 668 1244 1267 1269 1292 1868 
1269 669 1245 1268 1270 1293 1869 
1270 670 1246 1269 1271 1294 1870 
1271 671 1247 1270 1272 1295 1871 
1272 672 1248 1271 1296 1872 
1273 673 1249 1274 1297 1873 
1274 674 1250 1273 1275 1298 1874 
1275 675 1251 1274 1276 1299 1875 
1276 676 1252 1275 1277 1300 1876 
1277 677 1253 1276 1278 1301 1877 
1278 678 1254 1277 1279 1302 1878 
1279 679 1255 1278 1280 1303 1879 
1280 680 1256 1279 1281 1304 1880 
1281 681 1257 1280 1282 1305 1881 
1282 682 1258 1281 1283 1306 1882 
1283 683 1259 1282 1284 1307 1883 
1284 684 1260 1283 1285 1308 1884 
1285 685 1261 1284 1286 1309 1885 
1286 686 1262 1285 1287 1310 1886 
1287 687 1263 1286 1288 1311 1887 
1288 688 1264 1287 1289 1312 1888 
1289 689 1265 1288 1290 1313 1889 
1290 690 1266 1289 1291 1314 1890 
1291 691 1267 1290 1292 1315 1891 
1292 692 1268 1291 1293 1316 1892 
1293 693 1269 1292 1294 1317 1893 
1294 694 1270 1293 1295 1318 1894 
1295 695 1271 1294 1296 1319 1895 
1296 696 1272 1295 1320 1896 
1297 697 1273 1298 1321 1897 
1298 698 1274 1297 1299 1322 1898 
1299 699 1275 1298 1300 1323 1899 
1300 700 1276 1299 1301 1324 1900 
1301 701 1277 1300 1302 1325 1901 
1302 702 1278 1301 1303 1326 1902 
1303 703 1279 1302 1304 1327 1903 
1304 704 1280 1303 1305 1328 1904 
1305 705 1281 1304 1306 1329 1905 
1306 706 1282 1305 1307 1330 1906 
1307 707 1283 1306 1308 1331 1907 
1308 708 1284 1307 1309 1332 1908 
1309 709 1285 1308 1310 1333 1909 
1310 710 1286 1309 1311 1334 1910 
1311 711 1287 1310 1312 1335 1911 
1312 712 1288 1311 1313 1336 1912 
1313 713 1289 1312 1314 1337 1913 
1314 714 1290 1313 1315 1338 1914 
1315 715 1291 1314 1316 1339 1915 
1316 716 1292 1315 1317 1340 1916 
1317 717 1293 1316 1318 1341 1917 
1318 718 1294 1317 1319 1342 1918 
1319 719 1295 1318 1320 1343 1919 
1320 720 1296 1319 1344 1920 
1321 721 1297 1322 1345 1921 
1322 722 1298 1321 1323 1346 1922 
1323 723 1299 1322 1324 1347 1923 
1324 724 1300 1323 1325 1348 1924 
1325 725 1301 1324 1326 1349 1925 
1326 726 1302 1325 1327 1350 1926 
1327 727 1303 1326 1328 1351 1927 
1328 728 1304 1327 1329 1352 1928 
1329 729 1305 1328 1330 1353 1929 
1330 730 1306 1329 1331 1354 1930 
1331 731 1307 1330 1332 1355 1931 
1332 732 1308 1331 1333 1356 1932 
1333 733 1309 1332 1334 1357 1933 
1334 734 1310 1333 1335 1358 1934 
1335 735 1311 1334 1336 1359 1935 
1336 736 1312 1335 1337 1360 1936 
1337 737 1313 1336 1338 1361 1937 
1338 738 1314 1337 1339 1362 1938 
1339 739 1315 1338 1340 1363 1939 
1340 740 1316 1339 1341 1364 1940 
1341 741 1317 1340 1342 1365 1941 
1342 742 1318 1341 1343 1366 1942 
1343 743 1319 1342 1344 1367 1943 
1344 744 1320 1343 1368 1944 
1345 745 1321 1346 1369 1945 
1346 746 1322 1345 1347 1370 1946 
1347 747 1323 1346 1348 1371 1947 
1348 748 1324 1347 1349 1372 1948 
1349 749 1325 1348 1350 1373 1949 
1350 750 1326 1349 1351 1374 1950 
1351 751 1327 1350 1352 1375 1951 
1352 752 1328 1351 1353 1376 1952 
1353 753 1329 1352 1354 1377 1378 1953 
1354 754 1330 1353 1355 1381 1382 1954 
1355 755 1331 1354 1356 1385 1386 1955 
1356 756 1332 1355 1357 1389 1956 
1357 757 1333 1356 1358 1390 1957 
1358 758 1334 1357 1359 1391 1958 
1359 759 1335 1358 1360 1392 1959 
1360 760 1336 1359 1361 1393 1960 
1361 761 1337 1360 1362 1394 1961 
1362 762 1338 1361 1363 1395 1962 
1363 763 1339 1362 1364 1396 1963 
1364 764 1340 1363 1365 1397 1964 
1365 765 1341 1364 1366 1398 1965 
1366 766 1342 1365 1367 1399 1966 
1367 767 1343 1366 1368 1400 1967 
1368 768 1344 1367 1401 1968 
1369 769 1345 1370 1402 1969 
1370 770 1346 1369 1371 1403 1970 
1371 771 1347 1370 1372 1404 1971 
1372 772 1348 1371 1373 1405 1972 
1373 773 1349 1372 1374 1406 1973 
1374 774 1350 1373 1375 1407 1974 
1375 775 1351 1374 1376 1408 1975 
1376 776 1352 1375 1377 1379 1409 1410 1976 
1377 777 1353 1376 1378 1379 1977 
1378 778 1353 1377 1380 1381 1978 
1379 779 1376 1377 1380 1413 1414 1979 
1380 780 1378 1379 1383 1417 1418 1980 
1381 781 1354 1378 1382 1383 1981 
1382 782 1354 1381 1384 1385 1982 
1383 783 1380 1381 1384 1426 1427 1983 
1384 784 1382 1383 1387 1430 1431 1984 
1385 785 1355 1382 1386 1387 1985 
1386 786 1355 1385 1388 1389 1986 
1387 787 1384 1385 1388 1442 1443 1987 
1388 788 1386 1387 1389 1446 1988 
1389 789 1356 1386 1388 1390 1455 1456 1989 
1390 790 1357 1389 1391 1465 1466 1990 
1391 791 1358 1390 1392 1475 1476 1991 
1392 792 1359 1391 1393 1485 1486 1992 
1393 793 1360 1392 1394 1495 1496 1993 
1394 794 1361 1393 1395 1505 1506 1994 
1395 795 1362 1394 1396 1512 1995 
1396 796 1363 1395 1397 1513 1996 
1397 797 1364 1396 1398 1514 1997 
1398 798 1365 1397 1399 1515 1998 
1399 799 1366 1398 1400 1516 1999 
1400 800 1367 1399 1401 1517 2000 
1401 801 1368 1400 1518 2001 
1402 802 1369 1403 1519 2002 
1403 803 1370 1402 1404 1520 2003 
1404 804 1371 1403 1405 1521 2004 
1405 805 1372 1404 1406 1522 2005 
1406 806 1373 1405 1407 1523 2006 
1407 807 1374 1406 1408 1524 2007 
1408 808 1375 1407 1409 1411 1525 2008 
1409 809 1376 1408 1410 1411 2009 
1410 810 1376 1409 1412 1413 1415 2010 
1411 811 1408 1409 1412 1526 2011 
1412 812 1410 1411 1421 1526 2012 
1413 813 1379 1410 1414 1415 2013 
1414 814 1379 1413 1416 1417 2014 
1415 815 1410 1413 1416 1421 2015 
1416 816 1414 1415 1419 1421 2016 
1417 817 1380 1414 1418 1419 2017 
1418 818 1380 1417 1420 1426 2018 
1419 819 1416 1417 1420 1422 2019 
1420 820 1418 1419 1423 1428 2020 
1421 821 1412 1415 1416 1422 1424 1527 2021 
1422 822 1419 1421 1423 1424 2022 
1423 823 1420 1422 1425 1434 2023 
1424 824 1421 1422 1425 1528 2024 
1425 825 1423 1424 1436 1528 2025 
1426 826 1383 1418 1427 1428 2026 
1427 827 1383 1426 1429 1430 2027 
1428 828 1420 1426 1429 1434 2028 
1429 829 1427 1428 1432 1435 2029 
1430 830 1384 1427 1431 1432 2030 
1431 831 1384 1430 1433 1442 2031 
1432 832 1429 1430 1433 1438 2032 
1433 833 1431 1432 1439 1444 2033 
1434 834 1423 1428 1435 1436 2034 
1435 835 1429 1434 1437 1438 2035 
1436 836 1425 1434 1437 1531 2036 
1437 837 1435 1436 1440 1531 2037 
1438 838 1432 1435 1439 1440 2038 
1439 839 1433 1438 1441 1447 2039 
1440 840 1437 1438 1441 1532 2040 
1441 841 1439 1440 1449 1532 2041 
1442 842 1387 1431 1443 1444 2042 
1443 843 1387 1442 1445 1446 2043 
1444 844 1433 1442 1445 1447 2044 
1445 845 1443 1444 1446 1448 2045 
1446 846 1388 1443 1445 1451 1452 1455 2046 
1447 847 1439 1444 1448 1449 2047 
1448 848 1445 1447 1450 1451 2048 
1449 849 1441 1447 1450 1535 2049 
1450 850 1448 1449 1453 1535 2050 
1451 851 1446 1448 1452 1453 2051 
1452 852 1446 1451 1454 1457 2052 
1453 853 1450 1451 1454 1536 2053 
1454 854 1452 1453 1459 1537 2054 
1455 855 1389 1446 1456 1457 1458 2055 
1456 856 1389 1455 1461 1462 1465 2056 
1457 857 1452 1455 1458 1459 2057 
1458 858 1455 1457 1460 1461 2058 
1459 859 1454 1457 1460 1542 2059 
1460 860 1458 1459 1463 1543 2060 
1461 861 1456 1458 1462 1463 2061 
1462 862 1456 1461 1464 1467 2062 
1463 863 1460 1461 1464 1546 2063 
1464 864 1462 1463 1469 1547 2064 
1465 865 1390 1456 1466 1467 1468 2065 
1466 866 1390 1465 1471 1472 1475 2066 
1467 867 1462 1465 1468 1469 2067 
1468 868 1465 1467 1470 1471 2068 
1469 869 1464 1467 1470 1552 2069 
1470 870 1468 1469 1473 1553 2070 
1471 871 1466 1468 1472 1473 2071 
1472 872 1466 1471 1474 1477 2072 
1473 873 1470 1471 1474 1556 2073 
1474 874 1472 1473 1479 1557 2074 
1475 875 1391 1466 1476 1477 1478 2075 
1476 876 1391 1475 1481 1482 1485 2076 
1477 877 1472 1475 1478 1479 2077 
1478 878 1475 1477 1480 1481 2078 
1479 879 1474 1477 1480 1568 2079 
1480 880 1478 1479 1483 1569 2080 
1481 881 1476 1478 1482 1483 2081 
1482 882 1476 1481 1484 1487 2082 
1483 883 1480 1481 1484 1572 2083 
1484 884 1482 1483 1489 1573 2084 
1485 885 1392 1476 1486 1487 1488 2085 
1486 886 1392 1485 1491 1492 1495 2086 
1487 887 1482 1485 1488 1489 2087 
1488 888 1485 1487 1490 1491 2088 
1489 889 1484 1487 1490 1584 2089 
1490 890 1488 1489 1493 1585 2090 
1491 891 1486 1488 1492 1493 2091 
1492 892 1486 1491 1494 1497 2092 
1493 893 1490 1491 1494 1588 2093 
1494 894 1492 1493 1499 1589 2094 
1495 895 1393 1486 1496 1497 1498 2095 
1496 896 1393 1495 1501 1502 1505 2096 
1497 897 1492 1495 1498 1499 2097 
1498 898 1495 1497 1500 1501 2098 
1499 899 1494 1497 1500 1600 2099 
1500 900 1498 1499 1503 1601 2100 
1501 901 1496 1498 1502 1503 2101 
1502 902 1496 1501 1504 1507 2102 
1503 903 1500 1501 1504 1604 2103 
1504 904 1502 1503 1509 1605 2104 
1505 905 1394 1496 1506 1507 1508 2105 
1506 906 1394 1505 1511 1512 2106 
1507 907 1502 1505 1508 1509 2107 
1508 908 1505 1507 1510 1511 2108 
1509 909 1504 1507 1510 1616 2109 
1510 910 1508 1509 1511 1617 2110 
1511 911 1506 1508 1510 1512 1620 2111 
1512 912 1395 1506 1511 1513 1623 2112 
1513 913 1396 1512 1514 1624 2113 
1514 914 1397 1513 1515 1625 2114 
1515 915 1398 1514 1516 1626 2115 
1516 916 1399 1515 1517 1627 2116 
1517 917 1400 1516 1518 1628 2117 
1518 918 1401 1517 1629 2118 
1519 919 1402 1520 1630 2119 
1520 920 1403 1519 1521 1631 2120 
1521 921 1404 1520 1522 1632 2121 
1522 922 1405 1521 1523 1633 2122 
1523 923 1406 1522 1524 1634 2123 
1524 924 1407 1523 1525 1635 2124 
1525 925 1408 1524 1526 1636 2125 
1526 926 1411 1412 1525 1527 1529 1637 2126 
1527 927 1421 1526 1528 1529 2127 
1528 928 1424 1425 1527 1530 1531 2128 
1529 929 1526 1527 1530 1638 2129 
1530 930 1528 1529 1533 1638 2130 
1531 931 1436 1437 1528 1532 1533 2131 
1532 932 1440 1441 1531 1534 1535 2132 
1533 933 1530 1531 1534 1639 2133 
1534 934 1532 1533 1540 1639 2134 
1535 935 1449 1450 1532 1536 1538 1540 2135 
1536 936 1453 1535 1537 1538 2136 
1537 937 1454 1536 1539 1542 2137 
1538 938 1535 1536 1539 1541 2138 
1539 939 1537 1538 1541 1544 2139 
1540 940 1534 1535 1541 1640 2140 
1541 941 1538 1539 1540 1550 1640 2141 
1542 942 1459 1537 1543 1544 2142 
1543 943 1460 1542 1545 1546 2143 
1544 944 1539 1542 1545 1550 2144 
1545 945 1543 1544 1548 1550 2145 
1546 946 1463 1543 1547 1548 2146 
1547 947 1464 1546 1549 1552 2147 
1548 948 1545 1546 1549 1551 2148 
1549 949 1547 1548 1551 1554 2149 
1550 950 1541 1544 1545 1551 1641 2150 
1551 951 1548 1549 1550 1560 1562 1641 2151 
1552 952 1469 1547 1553 1554 2152 
1553 953 1470 1552 1555 1556 2153 
1554 954 1549 1552 1555 1560 2154 
1555 955 1553 1554 1558 1561 2155 
1556 956 1473 1553 1557 1558 2156 
1557 957 1474 1556 1559 1568 2157 
1558 958 1555 1556 1559 1564 2158 
1559 959 1557 1558 1565 1570 2159 
1560 960 1551 1554 1561 1562 2160 
1561 961 1555 1560 1563 1564 2161 
1562 962 1551 1560 1563 1642 2162 
1563 963 1561 1562 1566 1642 2163 
1564 964 1558 1561 1565 1566 2164 
1565 965 1559 1564 1567 1576 2165 
1566 966 1563 1564 1567 1643 2166 
1567 967 1565 1566 1578 1643 2167 
1568 968 1479 1557 1569 1570 2168 
1569 969 1480 1568 1571 1572 2169 
1570 970 1559 1568 1571 1576 2170 
1571 971 1569 1570 1574 1577 2171 
1572 972 1483 1569 1573 1574 2172 
1573 973 1484 1572 1575 1584 2173 
1574 974 1571 1572 1575 1580 2174 
1575 975 1573 1574 1581 1586 2175 
1576 976 1565 1570 1577 1578 2176 
1577 977 1571 1576 1579 1580 2177 
1578 978 1567 1576 1579 1646 2178 
1579 979 1577 1578 1582 1646 2179 
1580 980 1574 1577 1581 1582 2180 
1581 981 1575 1580 1583 1592 2181 
1582 982 1579 1580 1583 1647 2182 
1583 983 1581 1582 1594 1647 2183 
1584 984 1489 1573 1585 1586 2184 
1585 985 1490 1584 1587 1588 2185 
1586 986 1575 1584 1587 1592 2186 
1587 987 1585 1586 1590 1593 2187 
1588 988 1493 1585 1589 1590 2188 
1589 989 1494 1588 1591 1600 2189 
1590 990 1587 1588 1591 1596 2190 
1591 991 1589 1590 1597 1602 2191 
1592 992 1581 1586 1593 1594 2192 
1593 993 1587 1592 1595 1596 2193 
1594 994 1583 1592 1595 1650 2194 
1595 995 1593 1594 1598 1651 2195 
1596 996 1590 1593 1597 1598 2196 
1597 997 1591 1596 1599 1608 2197 
1598 998 1595 1596 1599 1654 2198 
1599 999 1597 1598 1610 1655 2199 
1600 1000 1499 1589 1601 1602 2200 
1601 1001 1500 1600 1603 1604 2201 
1602 1002 1591 1600 1603 1608 2202 
1603 1003 1601 1602 1606 1609 2203 
1604 1004 1503 1601 1605 1606 2204 
1605 1005 1504 1604 1607 1616 2205 
1606 1006 1603 1604 1607 1612 2206 
1607 1007 1605 1606 1613 1618 2207 
1608 1008 1597 1602 1609 1610 2208 
1609 1009 1603 1608 1611 1612 2209 
1610 1010 1599 1608 1611 1660 2210 
1611 1011 1609 1610 1614 1661 2211 
1612 1012 1606 1609 1613 1614 2212 
1613 1013 1607 1612 1615 1621 2213 
1614 1014 1611 1612 1615 1664 2214 
1615 1015 1613 1614 1621 1665 2215 
1616 1016 1509 1605 1617 1618 2216 
1617 1017 1510 1616 1619 1620 2217 
1618 1018 1607 1616 1619 1621 2218 
1619 1019 1617 1618 1620 1621 2219 
1620 1020 1511 1617 1619 1622 1623 2220 
1621 1021 1613 1615 1618 1619 1622 1670 2221 
1622 1022 1620 1621 1623 1671 2222 
1623 1023 1512 1620 1622 1624 1674 2223 
1624 1024 1513 1623 1625 1675 2224 
1625 1025 1514 1624 1626 1676 2225 
1626 1026 1515 1625 1627 1677 2226 
1627 1027 1516 1626 1628 1678 2227 
1628 1028 1517 1627 1629 1679 2228 
1629 1029 1518 1628 1680 2229 
1630 1030 1519 1631 1681 2230 
1631 1031 1520 1630 1632 1682 2231 
1632 1032 1521 1631 1633 1683 2232 
1633 1033 1522 1632 1634 1684 2233 
1634 1034 1523 1633 1635 1685 2234 
1635 1035 1524 1634 1636 1686 2235 
1636 1036 1525 1635 1637 1687 2236 
1637 1037 1526 1636 1638 1688 2237 
1638 1038 1529 1530 1637 1639 1689 2238 
1639 1039 1533 1534 1638 1640 1690 2239 
1640 1040 1540 1541 1639 1641 1691 2240 
1641 1041 1550 1551 1640 1642 1644 1692 2241 
1642 1042 1562 1563 1641 1643 1644 2242 
1643 1043 1566 1567 1642 1645 1646 2243 
1644 1044 1641 1642 1645 1693 2244 
1645 1045 1643 1644 1648 1693 2245 
1646 1046 1578 1579 1643 1647 1648 2246 
1647 1047 1582 1583 1646 1649 1650 1652 2247 
1648 1048 1645 1646 1649 1694 2248 
1649 1049 1647 1648 1658 1694 2249 
1650 1050 1594 1647 1651 1652 2250 
1651 1051 1595 1650 1653 1654 2251 
1652 1052 1647 1650 1653 1658 2252 
1653 1053 1651 1652 1656 1658 2253 
1654 1054 1598 1651 1655 1656 2254 
1655 1055 1599 1654 1657 1660 2255 
1656 1056 1653 1654 1657 1659 2256 
1657 1057 1655 1656 1659 1662 2257 
1658 1058 1649 1652 1653 1659 1695 2258 
1659 1059 1656 1657 1658 1668 1695 2259 
1660 1060 1610 1655 1661 1662 2260 
1661 1061 1611 1660 1663 1664 2261 
1662 1062 1657 1660 1663 1668 2262 
1663 1063 1661 1662 1666 1668 2263 
1664 1064 1614 1661 1665 1666 2264 
1665 1065 1615 1664 1667 1670 2265 
1666 1066 1663 1664 1667 1669 2266 
1667 1067 1665 1666 1669 1670 2267 
1668 1068 1659 1662 1663 1669 1696 2268 
1669 1069 1666 1667 1668 1672 1696 2269 
1670 1070 1621 1665 1667 1671 1672 2270 
1671 1071 1622 1670 1673 1674 2271 
1672 1072 1669 1670 1673 1697 2272 
1673 1073 1671 1672 1674 1697 2273 
1674 1074 1623 1671 1673 1675 1698 2274 
1675 1075 1624 1674 1676 1699 2275 
1676 1076 1625 1675 1677 1700 2276 
1677 1077 1626 1676 1678 1701 2277 
1678 1078 1627 1677 1679 1702 2278 
1679 1079 1628 1678 1680 1703 2279 
1680 1080 1629 1679 1704 2280 
1681 1081 1630 1682 1705 2281 
1682 1082 1631 1681 1683 1706 2282 
1683 1083 1632 1682 1684 1707 2283 
1684 1084 1633 1683 1685 1708 2284 
1685 1085 1634 1684 1686 1709 2285 
1686 1086 1635 1685 1687 1710 2286 
1687 1087 1636 1686 1688 1711 2287 
1688 1088 1637 1687 1689 1712 2288 
1689 1089 1638 1688 1690 1713 2289 
1690 1090 1639 1689 1691 1714 2290 
1691 1091 1640 1690 1692 1715 2291 
1692 1092 1641 1691 1693 1716 2292 
1693 1093 1644 1645 1692 1694 1717 2293 
1694 1094 1648 1649 1693 1695 1718 2294 
1695 1095 1658 1659 1694 1696 1719 2295 
1696 1096 1668 1669 1695 1697 1720 2296 
1697 1097 1672 1673 1696 1698 1721 2297 
1698 1098 1674 1697 1699 1722 2298 
1699 1099 1675 1698 1700 1723 2299 
1700 1100 1676 1699 1701 1724 2300 
1701 1101 1677 1700 1702 1725 2301 
1702 1102 1678 1701 1703 1726 2302 
1703 1103 1679 1702 1704 1727 2303 
1704 1104 1680 1703 1728 2304 
1705 1105 1681 1706 1729 2305 
1706 1106 1682 1705 1707 1730 2306 
1707 1107 1683 1706 1708 1731 2307 
1708 1108 1684 1707 1709 1732 2308 
1709 1109 1685 1708 1710 1733 2309 
1710 1110 1686 1709 1711 1734 2310 
1711 1111 1687 1710 1712 1735 2311 
1712 1112 1688 1711 1713 1736 2312 
1713 1113 1689 1712 1714 1737 2313 
1714 1114 1690 1713 1715 1738 2314 
1715 1115 1691 1714 1716 1739 2315 
1716 1116 1692 1715 1717 1740 2316 
1717 1117 1693 1716 1718 1741 2317 
1718 1118 1694 1717 1719 1742 2318 
1719 1119 1695 1718 1720 1743 2319 
1720 1120 1696 1719 1721 1744 2320 
1721 1121 1697 1720 1722 1745 2321 
1722 1122 1698 1721 1723 1746 2322 
1723 1123 1699 1722 1724 1747 2323 
1724 1124 1700 1723 1725 1748 2324 
1725 1125 1701 1724 1726 1749 2325 
1726 1126 1702 1725 1727 1750 2326 
1727 1127 1703 1726 1728 1751 2327 
1728 1128 1704 1727 1752 2328 
1729 1129 1705 1730 1753 2329 
1730 1130 1706 1729 1731 1754 2330 
1731 1131 1707 1730 1732 1755 2331 
1732 1132 1708 1731 1733 1756 2332 
1733 1133 1709 1732 1734 1757 2333 
1734 1134 1710 1733 1735 1758 2334 
1735 1135 1711 1734 1736 1759 2335 
1736 1136 1712 1735 1737 1760 2336 
1737 1137 1713 1736 1738 1761 2337 
1738 1138 1714 1737 1739 1762 2338 
1739 1139 1715 1738 1740 1763 2339 
1740 1140 1716 1739 1741 1764 2340 
1741 1141 1717 1740 1742 1765 2341 
1742 1142 1718 1741 1743 1766 2342 
1743 1143 1719 1742 1744 1767 2343 
1744 1144 1720 1743 1745 1768 2344 
1745 1145 1721 1744 1746 1769 2345 
1746 1146 1722 1745 1747 1770 2346 
1747 1147 1723 1746 1748 1771 2347 
1748 1148 1724 1747 1749 1772 2348 
1749 1149 1725 1748 1750 1773 2349 
1750 1150 1726 1749 1751 1774 2350 
1751 1151 1727 1750 1752 1775 2351 
1752 1152 1728 1751 1776 2352 
1753 1153 1729 1754 1777 2353 
1754 1154 1730 1753 1755 1778 2354 
1755 1155 1731 1754 1756 1779 2355 
1756 1156 1732 1755 1757 1780 2356 
1757 1157 1733 1756 1758 1781 2357 
1758 1158 1734 1757 1759 1782 2358 
1759 1159 1735 1758 1760 1783 2359 
1760 1160 1736 1759 1761 1784 2360 
1761 1161 1737 1760 1762 1785 2361 
1762 1162 1738 1761 1763 1786 2362 
1763 1163 1739 1762 1764 1787 2363 
1764 1164 1740 1763 1765 1788 2364 
1765 1165 1741 1764 1766 1789 2365 
1766 1166 1742 1765 1767 1790 2366 
1767 1167 1743 1766 1768 1791 2367 
1768 1168 1744 1767 1769 1792 2368 
1769 1169 1745 1768 1770 1793 2369 
1770 1170 1746 1769 1771 1794 2370 
1771 1171 1747 1770 1772 1795 2371 
1772 1172 1748 1771 1773 1796 2372 
1773 1173 1749 1772 1774 1797 2373 
1774 1174 1750 1773 1775 1798 2374 
1775 1175 1751 1774 1776 1799 2375 
1776 1176 1752 1775 1800 2376 
1777 1177 1753 1778 2377 
1778 1178 1754 1777 1779 2378 
1779 1179 1755 1778 1780 2379 
1780 1180 1756 1779 1781 2380 
1781 1181 1757 1780 1782 2381 
1782 1182 1758 1781 1783 2382 
1783 1183 1759 1782 1784 2383 
1784 1184 1760 1783 1785 2384 
1785 1185 1761 1784 1786 2385 
1786 1186 1762 1785 1787 2386 
1787 1187 1763 1786 1788 2387 
1788 1188 1764 1787 1789 2388 
1789 1189 1765 1788 1790 2389 
1790 1190 1766 1789 1791 2390 
1791 1191 1767 1790 1792 2391 
1792 1192 1768 1791 1793 2392 
1793 1193 1769 1792 1794 2393 
1794 1194 1770 1793 1795 2394 
1795 1195 1771 1794 1796 2395 
1796 1196 1772 1795 1797 2396 
1797 1197 1773 1796 1798 2397 
1798 1198 1774 1797 1799 2398 
1799 1199 1775 1798 1800 2399 
1800 1200 1776 1799 2400 
1801 1201 1802 1825 
1802 1202 1801 1803 1826 
1803 1203 1802 1804 1827 
1804 1204 1803 1805 1828 
1805 1205 1804 1806 1829 
1806 1206 1805 1807 1830 
1807 1207 1806 1808 1831 
1808 1208 1807 1809 1832 
1809 1209 1808 1810 1833 
1810 1210 1809 1811 1834 
1811 1211 1810 1812 1835 
1812 1212 1811 1813 1836 
1813 1213 1812 1814 1837 
1814 1214 1813 1815 1838 
1815 1215 1814 1816 1839 
1816 1216 1815 1817 1840 
1817 1217 1816 1818 1841 
1818 1218 1817 1819 1842 
1819 1219 1818 1820 1843 
1820 1220 1819 1821 1844 
1821 1221 1820 1822 1845 
1822 1222 1821 1823 1846 
1823 1223 1822 1824 1847 
1824 1224 1823 1848 
1825 1225 1801 1826 1849 
1826 1226 1802 1825 1827 1850 
1827 1227 1803 1826 1828 1851 
1828 1228 1804 1827 1829 1852 
1829 1229 1805 1828 1830 1853 
1830 1230 1806 1829 1831 1854 
1831 1231 1807 1830 1832 1855 
1832 1232 1808 1831 1833 1856 
1833 1233 1809 1832 1834 1857 
1834 1234 1810 1833 1835 1858 
1835 1235 1811 1834 1836 1859 
1836 1236 1812 1835 1837 1860 
1837 1237 1813 1836 1838 1861 
1838 1238 1814 1837 1839 1862 
1839 1239 1815 1838 1840 1863 
1840 1240 1816 1839 1841 1864 
1841 1241 1817 1840 1842 1865 
1842 1242 1818 1841 1843 1866 
1843 1243 1819 1842 1844 1867 
1844 1244 1820 1843 1845 1868 
1845 1245 1821 1844 1846 1869 
1846 1246 1822 1845 1847 1870 
1847 1247 1823 1846 1848 1871 
1848 1248 1824 1847 1872 
1849 1249 1825 1850 1873 
1850 1250 1826 1849 1851 1874 
1851 1251 1827 1850 1852 1875 
1852 1252 1828 1851 1853 1876 
1853 1253 1829 1852 1854 1877 
1854 1254 1830 1853 1855 1878 
1855 1255 1831 1854 1856 1879 
1856 1256 1832 1855 1857 1880 
1857 1257 1833 1856 1858 1881 
1858 1258 1834 1857 1859 1882 
1859 1259 1835 1858 1860 1883 
1860 1260 1836 1859 1861 1884 
1861 1261 1837 1860 1862 1885 
1862 1262 1838 1861 1863 1886 
1863 1263 1839 1862 1864 1887 
1864 1264 1840 1863 1865 1888 
1865 1265 1841 1864 1866 1889 
1866 1266 1842 1865 1867 1890 
1867 1267 1843 1866 1868 1891 
1868 1268 1844 1867 1869 1892 
1869 1269 1845 1868 1870 1893 
1870 1270 1846 1869 1871 1894 
1871 1271 1847 1870 1872 1895 
1872 1272 1848 1871 1896 
1873 1273 1849 1874 1897 
1874 1274 1850 1873 1875 1898 
1875 1275 1851 1874 1876 1899 
1876 1276 1852 1875 1877 1900 
1877 1277 1853 1876 1878 1901 
1878 1278 1854 1877 1879 1902 
1879 1279 1855 1878 1880 1903 
1880 1280 1856 1879 1881 1904 
1881 1281 1857 1880 1882 1905 
1882 1282 1858 1881 1883 1906 
1883 1283 1859 1882 1884 1907 
1884 1284 1860 1883 1885 1908 
1885 1285 1861 1884 1886 1909 
1886 1286 1862 1885 1887 1910 
1887 1287 1863 1886 1888 1911 
1888 1288 1864 1887 1889 1912 
1889 1289 1865 1888 1890 1913 
1890 1290 1866 1889 1891 1914 
1891 1291 1867 1890 1892 1915 
1892 1292 1868 1891 1893 1916 
1893 1293 1869 1892 1894 1917 
1894 1294 1870 1893 1895 1918 
1895 1295 1871 1894 1896 1919 
1896 1296 1872 1895 1920 
1897 1297 1873 1898 1921 
1898 1298 1874 1897 1899 1922 
1899 1299 1875 1898 1900 1923 
1900 1300 1876 1899 1901 1924 
1901 1301 1877 1900 1902 1925 
1902 1302 1878 1901 1903 1926 
1903 1303 1879 1902 1904 1927 
1904 1304 1880 1903 1905 1928 
1905 1305 1881 1904 1906 1929 
1906 1306 1882 1905 1907 1930 
1907 1307 1883 1906 1908 1931 
1908 1308 1884 1907 1909 1932 
1909 1309 1885 1908 1910 1933 
1910 1310 1886 1909 1911 1934 
1911 1311 1887 1910 1912 1935 
1912 1312 1888 1911 1913 1936 
1913 1313 1889 1912 1914 1937 
1914 1314 1890 1913 1915 1938 
1915 1315 1891 1914 1916 1939 
1916 1316 1892 1915 1917 1940 
1917 1317 1893 1916 1918 1941 
1918 1318 1894 1917 1919 1942 
1919 1319 1895 1918 1920 1943 
1920 1320 1896 1919 1944 
1921 1321 1897 1922 1945 
1922 1322 1898 1921 1923 1946 
1923 1323 1899 1922 1924 1947 
1924 1324 1900 1923 1925 1948 
1925 1325 1901 1924 1926 1949 
1926 1326 1902 1925 1927 1950 
1927 1327 1903 1926 1928 1951 
1928 1328 1904 1927 1929 1952 
1929 1329 1905 1928 1930 1953 
1930 1330 1906 1929 1931 1954 
1931 1331 1907 1930 1932 1955 
1932 1332 1908 1931 1933 1956 
1933 1333 1909 1932 1934 1957 
1934 1334 1910 1933 1935 1958 
1935 1335 1911 1934 1936 1959 
1936 1336 1912 1935 1937 1960 
1937 1337 1913 1936 1938 1961 
1938 1338 1914 1937 1939 1962 
1939 1339 1915 1938 1940 1963 
1940 1340 1916 1939 1941 1964 
1941 1341 1917 1940 1942 1965 
1942 1342 1918 1941 1943 1966 
1943 1343 1919 1942 1944 1967 
1944 1344 1920 1943 1968 
1945 1345 1921 1946 1969 
1946 1346 1922 1945 1947 1970 
1947 1347 1923 1946 1948 1971 
1948 1348 1924 1947 1949 1972 
1949 1349 1925 1948 1950 1973 
1950 1350 1926 1949 1951 1974 
1951 1351 1927 1950 1952 1975 
1952 1352 1928 1951 1953 1976 
1953 1353 1929 1952 1954 1977 1978 
1954 1354 1930 1953 1955 1981 1982 
1955 1355 1931 1954 1956 1985 1986 
1956 1356 1932 1955 1957 1989 
1957 1357 1933 1956 1958 1990 
1958 1358 1934 1957 1959 1991 
1959 1359 1935 1958 1960 1992 
1960 1360 1936 1959 1961 1993 
1961 1361 1937 1960 1962 1994 
1962 1362 1938 1961 1963 1995 
1963 1363 1939 1962 1964 1996 
1964 1364 1940 1963 1965 1997 
1965 1365 1941 1964 1966 1998 
1966 1366 1942 1965 1967 1999 
1967 1367 1943 1966 1968 2000 
1968 1368 1944 1967 2001 
1969 1369 1945 1970 2002 
1970 1370 1946 1969 1971 2003 
1971 1371 1947 1970 1972 2004 
1972 1372 1948 1971 1973 2005 
1973 1373 1949 1972 1974 2006 
1974 1374 1950 1973 1975 2007 
1975 1375 1951 1974 1976 2008 
1976 1376 1952 1975 1977 1979 2009 2010 
1977 1377 1953 1976 1978 1979 
1978 1378 1953 1977 1980 1981 
1979 1379 1976 1977 1980 2013 2014 
1980 1380 1978 1979 1983 2017 2018 
1981 1381 1954 1978 1982 1983 
1982 1382 1954 1981 1984 1985 
1983 1383 1980 1981 1984 2026 2027 
1984 1384 1982 1983 1987 2030 2031 
1985 1385 1955 1982 1986 1987 
1986 1386 1955 1985 1988 1989 
1987 1387 1984 1985 1988 2042 2043 
1988 1388 1986 1987 1989 2046 
1989 1389 1956 1986 1988 1990 2055 2056 
1990 1390 1957 1989 1991 2065 2066 
1991 1391 1958 1990 1992 2075 2076 
1992 1392 1959 1991 1993 2085 2086 
1993 1393 1960 1992 1994 2095 2096 
1994 1394 1961 1993 1995 2105 2106 
1995 1395 1962 1994 1996 2112 
1996 1396 1963 1995 1997 2113 
1997 1397 1964 1996 1998 2114 
1998 1398 1965 1997 1999 2115 
1999 1399 1966 1998 2000 2116 
2000 1400 1967 1999 2001 2117 
2001 1401 1968 2000 2118 
2002 1402 1969 2003 2119 
2003 1403 1970 2002 2004 2120 
2004 1404 1971 2003 2005 2121 
2005 1405 1972 2004 2006 2122 
2006 1406 1973 2005 2007 2123 
2007 1407 1974 2006 2008 2124 
2008 1408 1975 2007 2009 2011 2125 
2009 1409 1976 2008 2010 2011 
2010 1410 1976 2009 2012 2013 2015 
2011 1411 2008 2009 2012 2126 
2012 1412 2010 2011 2021 2126 
2013 1413 1979 2010 2014 2015 
2014 1414 1979 2013 2016 2017 
2015 1415 2010 2013 2016 2021 
2016 1416 2014 2015 2019 2021 
2017 1417 1980 2014 2018 2019 
2018 1418 1980 2017 2020 2026 
2019 1419 2016 2017 2020 2022 
2020 1420 2018 2019 2023 2028 
2021 1421 2012 2015 2016 2022 2024 2127 
2022 1422 2019 2021 2023 2024 
2023 1423 2020 2022 2025 2034 
2024 1424 2021 2022 2025 2128 
2025 1425 2023 2024 2036 2128 
2026 1426 1983 2018 2027 2028 
2027 1427 1983 2026 2029 2030 
2028 1428 2020 2026 2029 2034 
2029 1429 2027 2028 2032 2035 
2030 1430 1984 2027 2031 2032 
2031 1431 1984 2030 2033 2042 
2032 1432 2029 2030 2033 2038 
2033 1433 2031 2032 2039 2044 
2034 1434 2023 2028 2035 2036 
2035 1435 2029 2034 2037 2038 
2036 1436 2025 2034 2037 2131 
2037 1437 2035 2036 2040 2131 
2038 1438 2032 2035 2039 2040 
2039 1439 2033 2038 2041 2047 
2040 1440 2037 2038 2041 2132 
2041 1441 2039 2040 2049 2132 
2042 1442 1987 2031 2043 2044 
2043 1443 1987 2042 2045 2046 
2044 1444 2033 2042 2045 2047 
2045 1445 2043 2044 2046 2048 
2046 1446 1988 2043 2045 2051 2052 2055 
2047 1447 2039 2044 2048 2049 
2048 1448 2045 2047 2050 2051 
2049 1449 2041 2047 2050 2135 
2050 1450 2048 2049 2053 2135 
2051 1451 2046 2048 2052 2053 
2052 1452 2046 2051 2054 2057 
2053 1453 2050 2051 2054 2136 
2054 1454 2052 2053 2059 2137 
2055 1455 1989 2046 2056 2057 2058 
2056 1456 1989 2055 2061 2062 2065 
2057 1457 2052 2055 2058 2059 
2058 1458 2055 2057 2060 2061 
2059 1459 2054 2057 2060 2142 
2060 1460 2058 2059 2063 2143 
2061 1461 2056 2058 2062 2063 
2062 1462 2056 2061 2064 2067 
2063 1463 2060 2061 2064 2146 
2064 1464 2062 2063 2069 2147 
2065 1465 1990 2056 2066 2067 2068 
2066 1466 1990 2065 2071 2072 2075 
2067 1467 2062 2065 2068 2069 
2068 1468 2065 2067 2070 2071 
2069 1469 2064 2067 2070 2152 
2070 1470 2068 2069 2073 2153 
2071 1471 2066 2068 2072 2073 
2072 1472 2066 2071 2074 2077 
2073 1473 2070 2071 2074 2156 
2074 1474 2072 2073 2079 2157 
2075 1475 1991 2066 2076 2077 2078 
2076 1476 1991 2075 2081 2082 2085 
2077 1477 2072 2075 2078 2079 
2078 1478 2075 2077 2080 2081 
2079 1479 2074 2077 2080 2168 
2080 1480 2078 2079 2083 2169 
2081 1481 2076 2078 2082 2083 
2082 1482 2076 2081 2084 2087 
2083 1483 2080 2081 2084 2172 
2084 1484 2082 2083 2089 2173 
2085 1485 1992 2076 2086 2087 2088 
2086 1486 1992 2085 2091 2092 2095 
2087 1487 2082 2085 2088 2089 
2088 1488 2085 2087 2090 2091 
2089 1489 2084 2087 2090 2184 
2090 1490 2088 2089 2093 2185 
2091 1491 2086 2088 2092 2093 
2092 1492 2086 2091 2094 2097 
2093 1493 2090 2091 2094 2188 
2094 1494 2092 2093 2099 2189 
2095 1495 1993 2086 2096 2097 2098 
2096 1496 1993 2095 2101 2102 2105 
2097 1497 2092 2095 2098 2099 
2098 1498 2095 2097 2100 2101 
2099 1499 2094 2097 2100 2200 
2100 1500 2098 2099 2103 2201 
2101 1501 2096 2098 2102 2103 
2102 1502 2096 2101 2104 2107 
2103 1503 2100 2101 2104 2204 
2104 1504 2102 2103 2109 2205 
2105 1505 1994 2096 2106 2107 2108 
2106 1506 1994 2105 2111 2112 
2107 1507 2102 2105 2108 2109 
2108 1508 2105 2107 2110 2111 
2109 1509 2104 2107 2110 2216 
2110 1510 2108 2109 2111 2217 
2111 1511 2106 2108 2110 2112 2220 
2112 1512 1995 2106 2111 2113 2223 
2113 1513 1996 2112 2114 2224 
2114 1514 1997 2113 2115 2225 
2115 1515 1998 2114 2116 2226 
2116 1516 1999 2115 2117 2227 
2117 1517 2000 2116 2118 2228 
2118 1518 2001 2117 2229 
2119 1519 2002 2120 2230 
2120 1520 2003 2119 2121 2231 
2121 1521 2004 2120 2122 2232 
2122 1522 2005 2121 2123 2233 
2123 1523 2006 2122 2124 2234 
2124 1524 2007 2123 2125 2235 
2125 1525 2008 2124 2126 2236 
2126 1526 2011 2012 2125 2127 2129 2237 
2127 1527 2021 2126 2128 2129 
2128 1528 2024 2025 2127 2130 2131 
2129 1529 2126 2127 2130 2238 
2130 1530 2128 2129 2133 2238 
2131 1531 2036 2037 2128 2132 2133 
2132 1532 2040 2041 2131 2134 2135 
2133 1533 2130 2131 2134 2239 
2134 1534 2132 2133 2140 2239 
2135 1535 2049 2050 2132 2136 2138 2140 
2136 1536 2053 2135 2137 2138 
2137 1537 2054 2136 2139 2142 
2138 1538 2135 2136 2139 2141 
2139 1539 2137 2138 2141 2144 
2140 1540 2134 2135 2141 2240 
2141 1541 2138 2139 2140 2150 2240 
2142 1542 2059 2137 2143 2144 
2143 1543 2060 2142 2145 2146 
2144 1544 2139 2142 2145 2150 
2145 1545 2143 2144 2148 2150 
2146 1546 2063 2143 2147 2148 
2147 1547 2064 2146 2149 2152 
2148 1548 2145 2146 2149 2151 
2149 1549 2147 2148 2151 2154 
2150 1550 2141 2144 2145 2151 2241 
2151 1551 2148 2149 2150 2160 2162 2241 
2152 1552 2069 2147 2153 2154 
2153 1553 2070 2152 2155 2156 
2154 1554 2149 2152 2155 2160 
2155 1555 2153 2154 2158 2161 
2156 1556 2073 2153 2157 2158 
2157 1557 2074 2156 2159 2168 
2158 1558 2155 2156 2159 2164 
2159 1559 2157 2158 2165 2170 
2160 1560 2151 2154 2161 2162 
2161 1561 2155 2160 2163 2164 
2162 1562 2151 2160 2163 2242 
2163 1563 2161 2162 2166 2242 
2164 1564 2158 2161 2165 2166 
2165 1565 2159 2164 2167 2176 
2166 1566 2163 2164 2167 2243 
2167 1567 2165 2166 2178 2243 
2168 1568 2079 2157 2169 2170 
2169 1569 2080 2168 2171 2172 
2170 1570 2159 2168 2171 2176 
2171 1571 2169 2170 2174 2177 
2172 1572 2083 2169 2173 2174 
2173 1573 2084 2172 2175 2184 
2174 1574 2171 2172 2175 2180 
2175 1575 2173 2174 2181 2186 
2176 1576 2165 2170 2177 2178 
2177 1577 2171 2176 2179 2180 
2178 1578 2167 2176 2179 2246 
2179 1579 2177 2178 2182 2246 
2180 1580 2174 2177 2181 2182 
2181 1581 2175 2180 2183 2192 
2182 1582 2179 2180 2183 2247 
2183 1583 2181 2182 2194 2247 
2184 1584 2089 2173 2185 2186 
2185 1585 2090 2184 2187 2188 
2186 1586 2175 2184 2187 2192 
2187 1587 2185 2186 2190 2193 
2188 1588 2093 2185 2189 2190 
2189 1589 2094 2188 2191 2200 
2190 1590 2187 2188 2191 2196 
2191 1591 2189 2190 2197 2202 
2192 1592 2181 2186 2193 2194 
2193 1593 2187 2192 2195 2196 
2194 1594 2183 2192 2195 2250 
2195 1595 2193 2194 2198 2251 
2196 1596 2190 2193 2197 2198 
2197 1597 2191 2196 2199 2208 
2198 1598 2195 2196 2199 2254 
2199 1599 2197 2198 2210 2255 
2200 1600 2099 2189 2201 2202 
2201 1601 2100 2200 2203 2204 
2202 1602 2191 2200 2203 2208 
2203 1603 2201 2202 2206 2209 
2204 1604 2103 2201 2205 2206 
2205 1605 2104 2204 2207 2216 
2206 1606 2203 2204 2207 2212 
2207 1607 2205 2206 2213 2218 
2208 1608 2197 2202 2209 2210 
2209 1609 2203 2208 2211 2212 
2210 1610 2199 2208 2211 2260 
2211 1611 2209 2210 2214 2261 
2212 1612 2206 2209 2213 2214 
2213 1613 2207 2212 2215 2221 
2214 1614 2211 2212 2215 2264 
2215 1615 2213 2214 2221 2265 
2216 1616 2109 2205 2217 2218 
2217 1617 2110 2216 2219 2220 
2218 1618 2207 2216 2219 2221 
2219 1619 2217 2218 2220 2221 
2220 1620 2111 2217 2219 2222 2223 
2221 1621 2213 2215 2218 2219 2222 2270 
2222 1622 2220 2221 2223 2271 
2223 1623 2112 2220 2222 2224 2274 
2224 1624 2113 2223 2225 2275 
2225 1625 2114 2224 2226 2276 
2226 1626 2115 2225 2227 2277 
2227 1627 2116 2226 2228 2278 
2228 1628 2117 2227 2229 2279 
2229 1629 2118 2228 2280 
2230 1630 2119 2231 2281 
2231 1631 2120 2230 2232 2282 
2232 1632 2121 2231 2233 2283 
2233 1633 2122 2232 2234 2284 
2234 1634 2123 2233 2235 2285 
2235 1635 2124 2234 2236 2286 
2236 1636 2125 2235 2237 2287 
2237 1637 2126 2236 2238 2288 
2238 1638 2129 2130 2237 2239 2289 
2239 1639 2133 2134 2238 2240 2290 
2240 1640 2140 2141 2239 2241 2291 
2241 1641 2150 2151 2240 2242 2244 2292 
2242 1642 2162 2163 2241 2243 2244 
2243 1643 2166 2167 2242 2245 2246 
2244 1644 2241 2242 2245 2293 
2245 1645 2243 2244 2248 2293 
2246 1646 2178 2179 2243 2247 2248 
2247 1647 2182 2183 2246 2249 2250 2252 
2248 1648 2245 2246 2249 2294 
2249 1649 2247 2248 2258 2294 
2250 1650 2194 2247 2251 2252 
2251 1651 2195 2250 2253 2254 
2252 1652 2247 2250 2253 2258 
2253 1653 2251 2252 2256 2258 
2254 1654 2198 2251 2255 2256 
2255 1655 2199 2254 2257 2260 
2256 1656 2253 2254 2257 2259 
2257 1657 2255 2256 2259 2262 
2258 1658 2249 2252 2253 2259 2295 
2259 1659 2256 2257 2258 2268 2295 
2260 1660 2210 2255 2261 2262 
2261 1661 2211 2260 2263 2264 
2262 1662 2257 2260 2263 2268 
2263 1663 2261 2262 2266 2268 
2264 1664 2214 2261 2265 2266 
2265 1665 2215 2264 2267 2270 
2266 1666 2263 2264 2267 2269 
2267 1667 2265 2266 2269 2270 
2268 1668 2259 2262 2263 2269 2296 
2269 1669 2266 2267 2268 2272 2296 
2270 1670 2221 2265 2267 2271 2272 
2271 1671 2222 2270 2273 2274 
2272 1672 2269 2270 2273 2297 
2273 1673 2271 2272 2274 2297 
2274 1674 2223 2271 2273 2275 2298 
2275 1675 2224 2274 2276 2299 
2276 1676 2225 2275 2277 2300 
2277 1677 2226 2276 2278 2301 
2278 1678 2227 2277 2279 2302 
2279 1679 2228 2278 2280 2303 
2280 1680 2229 2279 2304 
2281 1681 2230 2282 2305 
2282 1682 2231 2281 2283 2306 
2283 1683 2232 2282 2284 2307 
2284 1684 2233 2283 2285 2308 
2285 1685 2234 2284 2286 2309 
2286 1686 2235 2285 2287 2310 
2287 1687 2236 2286 2288 2311 
2288 1688 2237 2287 2289 2312 
2289 1689 2238 2288 2290 2313 
2290 1690 2239 2289 2291 2314 
2291 1691 2240 2290 2292 2315 
2292 1692 2241 2291 2293 2316 
2293 1693 2244 2245 2292 2294 2317 
2294 1694 2248 2249 2293 2295 2318 
2295 1695 2258 2259 2294 2296 2319 
2296 1696 2268 2269 2295 2297 2320 
2297 1697 2272 2273 2296 2298 2321 
2298 1698 2274 2297 2299 2322 
2299 1699 2275 2298 2300 2323 
2300 1700 2276 2299 2301 2324 
2301 1701 2277 2300 2302 2325 
2302 1702 2278 2301 2303 2326 
2303 1703 2279 2302 2304 2327 
2304 1704 2280 2303 2328 
2305 1705 2281 2306 2329 
2306 1706 2282 2305 2307 2330 
2307 1707 2283 2306 2308 2331 
2308 1708 2284 2307 2309 2332 
2309 1709 2285 2308 2310 2333 
2310 1710 2286 2309 2311 2334 
2311 1711 2287 2310 2312 2335 
2312 1712 2288 2311 2313 2336 
2313 1713 2289 2312 2314 2337 
2314 1714 2290 2313 2315 2338 
2315 1715 2291 2314 2316 2339 
2316 1716 2292 2315 2317 2340 
2317 1717 2293 2316 2318 2341 
2318 1718 2294 2317 2319 2342 
2319 1719 2295 2318 2320 2343 
2320 1720 2296 2319 2321 2344 
2321 1721 2297 2320 2322 2345 
2322 1722 2298 2321 2323 2346 
2323 1723 2299 2322 2324 2347 
2324 1724 2300 2323 2325 2348 
2325 1725 2301 2324 2326 2349 
2326 1726 2302 2325 2327 2350 
2327 1727 2303 2326 2328 2351 
2328 1728 2304 2327 2352 
2329 1729 2305 2330 2353 
2330 1730 2306 2329 2331 2354 
2331 1731 2307 2330 2332 2355 
2332 1732 2308 2331 2333 2356 
2333 1733 2309 2332 2334 2357 
2334 1734 2310 2333 2335 2358 
2335 1735 2311 2334 2336 2359 
2336 1736 2312 2335 2337 2360 
2337 1737 2313 2336 2338 2361 
2338 1738 2314 2337 2339 2362 
2339 1739 2315 2338 2340 2363 
2340 1740 2316 2339 2341 2364 
2341 1741 2317 2340 2342 2365 
2342 1742 2318 2341 2343 2366 
2343 1743 2319 2342 2344 2367 
2344 1744 2320 2343 2345 2368 
2345 1745 2321 2344 2346 2369 
2346 1746 2322 2345 2347 2370 
2347 1747 2323 2346 2348 2371 
2348 1748 2324 2347 2349 2372 
2349 1749 2325 2348 2350 2373 
2350 1750 2326 2349 2351 2374 
2351 1751 2327 2350 2352 2375 
2352 1752 2328 2351 2376 
2353 1753 2329 2354 2377 
2354 1754 2330 2353 2355 2378 
2355 1755 2331 2354 2356 2379 
2356 1756 2332 2355 2357 2380 
2357 1757 2333 2356 2358 2381 
2358 1758 2334 2357 2359 2382 
2359 1759 2335 2358 2360 2383 
2360 1760 2336 2359 2361 2384 
2361 1761 2337 2360 2362 2385 
2362 1762 2338 2361 2363 2386 
2363 1763 2339 2362 2364 2387 
2364 1764 2340 2363 2365 2388 
2365 1765 2341 2364 2366 2389 
2366 1766 2342 2365 2367 2390 
2367 1767 2343 2366 2368 2391 
2368 1768 2344 2367 2369 2392 
2369 1769 2345 2368 2370 2393 
2370 1770 2346 2369 2371 2394 
2371 1771 2347 2370 2372 2395 
2372 1772 2348 2371 2373 2396 
2373 1773 2349 2372 2374 2397 
2374 1774 2350 2373 2375 2398 
2375 1775 2351 2374 2376 2399 
2376 1776 2352 2375 2400 
2377 1777 2353 2378 
2378 1778 2354 2377 2379 
2379 1779 2355 2378 2380 
2380 1780 2356 2379 2381 
2381 1781 2357 2380 2382 
2382 1782 2358 2381 2383 
2383 1783 2359 2382 2384 
2384 1784 2360 2383 2385 
2385 1785 2361 2384 2386 
2386 1786 2362 2385 2387 
2387 1787 2363 2386 2388 
2388 1788 2364 2387 2389 
2389 1789 2365 2388 2390 
2390 1790 2366 2389 2391 
2391 1791 2367 2390 2392 
2392 1792 2368 2391 2393 
2393 1793 2369 2392 2394 
2394 1794 2370 2393 2395 
2395 1795 2371 2394 2396 
2396 1796 2372 2395 2397 
2397 1797 2373 2396 2398 
2398 1798 2374 2397 2399 
2399 1799 2375 2398 2400 
2400 1800 2376 2399 