0 3 4.25 51 
0 3 3 4.25 51 
0 3 3 4.25 51 
0 3 3 4.25 51 
0 3 3 4.25 51 
0 3 3 4.25 51 
0 3 3 4.25 51 
0 3 3 4.25 51 
0 3 3 4.25 51 
0 3 3 4.25 51 
0 3 3 4.25 51 
0 3 3 4.25 51 
0 3 3 4.25 51 
0 3 3 4.25 51 
0 3 3 4.25 51 
0 3 3 4.25 51 
0 3 3 4.25 51 
0 3 3 4.25 51 
0 3 3 4.25 51 
0 3 3 4.25 51 
0 3 3 4.25 51 
0 3 3 4.25 51 
0 3 3 4.25 51 
0 3 4.25 51 
0 4.25 3 4.25 51 
0 4.25 3 3 4.25 51 
0 4.25 3 3 4.25 51 
0 4.25 3 3 4.25 51 
0 4.25 3 3 4.25 51 
0 4.25 3 3 4.25 51 
0 4.25 3 3 4.25 51 
0 4.25 3 3 4.25 51 
0 4.25 3 3 4.25 51 
0 4.25 3 3 4.25 51 
0 4.25 3 3 4.25 51 
0 4.25 3 3 4.25 51 
0 4.25 3 3 4.25 51 
0 4.25 3 3 4.25 51 
0 4.25 3 3 4.25 51 
0 4.25 3 3 4.25 51 
0 4.25 3 3 4.25 51 
0 4.25 3 3 4.25 51 
0 4.25 3 3 4.25 51 
0 4.25 3 3 4.25 51 
0 4.25 3 3 4.25 51 
0 4.25 3 3 4.25 51 
0 4.25 3 3 4.25 51 
0 4.25 3 4.25 51 
0 4.25 3 4.25 51 
0 4.25 3 3 4.25 51 
0 4.25 3 3 4.25 51 
0 4.25 3 3 4.25 51 
0 4.25 3 3 4.25 51 
0 4.25 3 3 4.25 51 
0 4.25 3 3 4.25 51 
0 4.25 3 3 4.25 51 
0 4.25 3 3 4.25 51 
0 4.25 3 3 4.25 51 
0 4.25 3 3 4.25 51 
0 4.25 3 3 4.25 51 
0 4.25 3 3 4.25 51 
0 4.25 3 3 4.25 51 
0 4.25 3 3 4.25 51 
0 4.25 3 3 4.25 51 
0 4.25 3 3 4.25 51 
0 4.25 3 3 4.25 51 
0 4.25 3 3 4.25 51 
0 4.25 3 3 4.25 51 
0 4.25 3 3 4.25 51 
0 4.25 3 3 4.25 51 
0 4.25 3 3 4.25 51 
0 4.25 3 4.25 51 
0 4.25 3 4.25 51 
0 4.25 3 3 4.25 51 
0 4.25 3 3 4.25 51 
0 4.25 3 3 4.25 51 
0 4.25 3 3 4.25 51 
0 4.25 3 3 4.25 51 
0 4.25 3 3 4.25 51 
0 4.25 3 3 4.25 51 
0 4.25 3 3 4.25 51 
0 4.25 3 3 4.25 51 
0 4.25 3 3 4.25 51 
0 4.25 3 3 4.25 51 
0 4.25 3 3 4.25 51 
0 4.25 3 3 4.25 51 
0 4.25 3 3 4.25 51 
0 4.25 3 3 4.25 51 
0 4.25 3 3 4.25 51 
0 4.25 3 3 4.25 51 
0 4.25 3 3 4.25 51 
0 4.25 3 3 4.25 51 
0 4.25 3 3 4.25 51 
0 4.25 3 3 4.25 51 
0 4.25 3 3 4.25 51 
0 4.25 3 4.25 51 
0 4.25 3 4.25 51 
0 4.25 3 3 4.25 51 
0 4.25 3 3 4.25 51 
0 4.25 3 3 4.25 51 
0 4.25 3 3 4.25 51 
0 4.25 3 3 4.25 51 
0 4.25 3 3 4.25 51 
0 4.25 3 3 4.25 51 
0 4.25 3 3 4.25 51 
0 4.25 3 3 4.25 51 
0 4.25 3 3 4.25 51 
0 4.25 3 3 4.25 51 
0 4.25 3 3 4.25 51 
0 4.25 3 3 4.25 51 
0 4.25 3 3 4.25 51 
0 4.25 3 3 4.25 51 
0 4.25 3 3 4.25 51 
0 4.25 3 3 4.25 51 
0 4.25 3 3 4.25 51 
0 4.25 3 3 4.25 51 
0 4.25 3 3 4.25 51 
0 4.25 3 3 4.25 51 
0 4.25 3 3 4.25 51 
0 4.25 3 4.25 51 
0 4.25 3 4.25 51 
0 4.25 3 3 4.25 51 
0 4.25 3 3 4.25 51 
0 4.25 3 3 4.25 51 
0 4.25 3 3 4.25 51 
0 4.25 3 3 4.25 51 
0 4.25 3 3 4.25 51 
0 4.25 3 3 4.25 51 
0 4.25 3 3 4.25 51 
0 4.25 3 3 4.25 51 
0 4.25 3 3 4.25 51 
0 4.25 3 3 4.25 51 
0 4.25 3 3 4.25 51 
0 4.25 3 3 4.25 51 
0 4.25 3 3 4.25 51 
0 4.25 3 3 4.25 51 
0 4.25 3 3 4.25 51 
0 4.25 3 3 4.25 51 
0 4.25 3 3 4.25 51 
0 4.25 3 3 4.25 51 
0 4.25 3 3 4.25 51 
0 4.25 3 3 4.25 51 
0 4.25 3 3 4.25 51 
0 4.25 3 4.25 51 
0 4.25 3 4.25 51 
0 4.25 3 3 4.25 51 
0 4.25 3 3 4.25 51 
0 4.25 3 3 4.25 51 
0 4.25 3 3 4.25 51 
0 4.25 3 3 4.25 51 
0 4.25 3 3 4.25 51 
0 4.25 3 3 4.25 51 
0 4.25 3 3 2.125 2.125 51 
0 4.25 3 3 2.125 2.125 51 
0 4.25 3 3 2.125 2.125 51 
0 4.25 3 3 4.25 51 
0 4.25 3 3 4.25 51 
0 4.25 3 3 4.25 51 
0 4.25 3 3 4.25 51 
0 4.25 3 3 4.25 51 
0 4.25 3 3 4.25 51 
0 4.25 3 3 4.25 51 
0 4.25 3 3 4.25 51 
0 4.25 3 3 4.25 51 
0 4.25 3 3 4.25 51 
0 4.25 3 3 4.25 51 
0 4.25 3 3 4.25 51 
0 4.25 3 4.25 51 
0 4.25 3 4.25 51 
0 4.25 3 3 4.25 51 
0 4.25 3 3 4.25 51 
0 4.25 3 3 4.25 51 
0 4.25 3 3 4.25 51 
0 4.25 3 3 4.25 51 
0 4.25 3 3 4.25 51 
0 4.25 3 1.5 1.5 2.125 2.125 51 
0 2.125 1.5 1.5 2.125 12.75 
0 2.125 1.5 2.125 1.5 12.75 
0 1.5 2.125 1.5 1.0625 1.0625 12.75 
0 2.125 1.5 1.5 1.0625 1.0625 12.75 
0 2.125 1.5 1.5 2.125 12.75 
0 2.125 1.5 2.125 1.5 12.75 
0 1.5 2.125 1.5 1.0625 1.0625 12.75 
0 2.125 1.5 1.5 1.0625 1.0625 12.75 
0 2.125 1.5 1.5 2.125 12.75 
0 2.125 1.5 2.125 1.5 12.75 
0 1.5 2.125 1.5 1.0625 1.0625 12.75 
0 2.125 1.5 1.5 2.125 12.75 
0 4.25 1.5 1.5 3 2.125 2.125 51 
0 4.25 3 3 2.125 2.125 51 
0 4.25 3 3 2.125 2.125 51 
0 4.25 3 3 2.125 2.125 51 
0 4.25 3 3 2.125 2.125 51 
0 4.25 3 3 2.125 2.125 51 
0 4.25 3 3 4.25 51 
0 4.25 3 3 4.25 51 
0 4.25 3 3 4.25 51 
0 4.25 3 3 4.25 51 
0 4.25 3 3 4.25 51 
0 4.25 3 3 4.25 51 
0 4.25 3 4.25 51 
0 4.25 3 4.25 51 
0 4.25 3 3 4.25 51 
0 4.25 3 3 4.25 51 
0 4.25 3 3 4.25 51 
0 4.25 3 3 4.25 51 
0 4.25 3 3 4.25 51 
0 4.25 3 1.5 1.5 4.25 51 
0 2.125 1.5 1.5 2.125 12.75 
0 2.125 1.5 2.125 0.75 0.75 12.75 
0 1.5 2.125 1.5 2.125 12.75 
0 2.125 1.5 1.5 2.125 12.75 
0 1.0625 0.75 0.75 1.0625 3.1875 
0 1.0625 0.75 1.0625 0.75 3.1875 
0 0.75 1.0625 0.75 1.0625 3.1875 
0 1.0625 0.75 0.75 1.0625 3.1875 
0 1.0625 0.75 0.75 1.0625 3.1875 
0 1.0625 0.75 1.0625 0.75 3.1875 
0 0.75 1.0625 0.75 1.0625 3.1875 
0 1.0625 0.75 1.0625 0.75 3.1875 
0 1.5 1.0625 1.0625 0.75 0.75 2.125 12.75 
0 1.0625 0.75 0.75 1.0625 3.1875 
0 1.0625 0.75 1.0625 0.75 3.1875 
0 0.75 1.0625 0.75 1.0625 3.1875 
0 1.0625 0.75 0.75 1.0625 3.1875 
0 1.0625 0.75 0.75 1.0625 3.1875 
0 1.0625 0.75 1.0625 0.75 3.1875 
0 0.75 1.0625 0.75 1.0625 3.1875 
0 1.0625 0.75 0.75 1.0625 3.1875 
0 1.0625 0.75 0.75 1.0625 3.1875 
0 1.0625 0.75 1.0625 0.75 3.1875 
0 0.75 1.0625 0.75 1.0625 3.1875 
0 1.0625 0.75 1.0625 0.75 3.1875 
0 0.75 1.0625 0.75 1.0625 3.1875 
0 1.0625 0.75 1.0625 0.75 3.1875 
0 0.75 1.0625 0.75 1.0625 3.1875 
0 1.0625 0.75 0.75 1.0625 3.1875 
0 1.0625 0.75 0.75 1.0625 3.1875 
0 1.0625 0.75 1.0625 0.75 3.1875 
0 0.75 1.0625 0.75 1.0625 3.1875 
0 1.0625 0.75 0.75 1.0625 3.1875 
0 1.0625 0.75 0.75 1.0625 3.1875 
0 1.0625 0.75 1.0625 0.75 3.1875 
0 0.75 1.0625 0.75 1.0625 3.1875 
0 1.0625 0.75 0.75 1.0625 3.1875 
0 2.125 0.75 0.75 1.0625 1.0625 1.5 12.75 
0 0.75 1.0625 0.75 1.0625 3.1875 
0 1.0625 0.75 1.0625 0.75 3.1875 
0 0.75 1.0625 0.75 1.0625 3.1875 
0 1.0625 0.75 0.75 1.0625 3.1875 
0 1.0625 0.75 0.75 1.0625 3.1875 
0 1.0625 0.75 1.0625 0.75 3.1875 
0 0.75 1.0625 0.75 1.0625 3.1875 
0 1.0625 0.75 0.75 1.0625 3.1875 
0 2.125 1.5 1.5 1.0625 1.0625 12.75 
0 2.125 1.5 1.0625 1.0625 1.5 12.75 
0 0.75 1.0625 0.75 1.0625 3.1875 
0 1.0625 0.75 1.0625 0.75 3.1875 
0 0.75 1.0625 0.75 1.0625 3.1875 
0 1.0625 0.75 0.75 1.0625 3.1875 
0 1.0625 0.75 0.75 1.0625 3.1875 
0 1.0625 0.75 1.0625 0.75 3.1875 
0 0.75 1.0625 0.75 1.0625 3.1875 
0 1.0625 0.75 0.75 1.0625 3.1875 
0 2.125 1.5 1.5 1.0625 1.0625 12.75 
0 2.125 1.5 1.0625 1.0625 1.5 12.75 
0 0.75 1.0625 0.75 1.0625 3.1875 
0 1.0625 0.75 1.0625 0.75 3.1875 
0 0.75 1.0625 0.75 1.0625 3.1875 
0 1.0625 0.75 0.75 1.0625 3.1875 
0 1.0625 0.75 0.75 1.0625 3.1875 
0 1.0625 0.75 1.0625 0.75 3.1875 
0 0.75 1.0625 0.75 1.0625 3.1875 
0 1.0625 0.75 0.75 1.0625 3.1875 
0 2.125 1.5 1.5 1.0625 1.0625 12.75 
0 2.125 1.5 1.0625 1.0625 1.5 12.75 
0 0.75 1.0625 0.75 1.0625 3.1875 
0 1.0625 0.75 1.0625 0.75 3.1875 
0 0.75 1.0625 0.75 1.0625 3.1875 
0 1.0625 0.75 0.75 1.0625 3.1875 
0 1.0625 0.75 0.75 1.0625 3.1875 
0 1.0625 0.75 1.0625 0.75 3.1875 
0 0.75 1.0625 0.75 1.0625 3.1875 
0 1.0625 0.75 0.75 1.0625 3.1875 
0 2.125 1.5 1.5 1.0625 1.0625 12.75 
0 2.125 1.5 1.0625 1.0625 1.5 12.75 
0 0.75 1.0625 0.75 1.0625 3.1875 
0 1.0625 0.75 1.0625 0.75 3.1875 
0 0.75 1.0625 0.75 1.0625 3.1875 
0 1.0625 0.75 0.75 1.0625 3.1875 
0 1.0625 0.75 0.75 1.0625 3.1875 
0 1.0625 0.75 1.0625 0.75 3.1875 
0 0.75 1.0625 0.75 1.0625 3.1875 
0 1.0625 0.75 0.75 1.0625 3.1875 
0 2.125 1.5 1.5 1.0625 1.0625 12.75 
0 2.125 1.5 1.0625 1.0625 1.5 12.75 
0 0.75 1.0625 0.75 1.0625 3.1875 
0 1.0625 0.75 1.0625 0.75 3.1875 
0 0.75 1.0625 0.75 1.0625 3.1875 
0 1.0625 0.75 0.75 1.0625 3.1875 
0 1.0625 0.75 0.75 1.0625 3.1875 
0 1.0625 0.75 1.0625 0.75 3.1875 
0 0.75 1.0625 0.75 1.0625 3.1875 
0 1.0625 0.75 0.75 1.0625 3.1875 
0 2.125 1.5 1.5 1.0625 1.0625 12.75 
0 2.125 1.5 2.125 1.5 12.75 
0 0.75 1.0625 0.75 1.0625 3.1875 
0 1.0625 0.75 1.0625 0.75 3.1875 
0 0.75 1.0625 0.75 1.0625 3.1875 
0 1.0625 0.75 0.75 1.0625 3.1875 
0 2.125 0.75 0.75 1.5 2.125 12.75 
0 4.25 1.5 1.5 3 4.25 51 
0 4.25 3 3 4.25 51 
0 4.25 3 3 4.25 51 
0 4.25 3 3 4.25 51 
0 4.25 3 3 4.25 51 
0 4.25 3 3 4.25 51 
0 4.25 3 4.25 51 
0 4.25 3 4.25 51 
0 4.25 3 3 4.25 51 
0 4.25 3 3 4.25 51 
0 4.25 3 3 4.25 51 
0 4.25 3 3 4.25 51 
0 4.25 3 3 4.25 51 
0 4.25 3 3 4.25 51 
0 2.125 2.125 3 1.5 1.5 4.25 51 
0 2.125 1.5 1.5 2.125 12.75 
0 1.0625 1.0625 1.5 2.125 1.5 12.75 
0 1.5 2.125 1.5 2.125 12.75 
0 2.125 1.5 1.5 2.125 12.75 
0 1.0625 1.0625 1.5 1.5 2.125 12.75 
0 1.0625 1.0625 1.5 2.125 1.5 12.75 
0 1.5 2.125 1.5 2.125 12.75 
0 2.125 1.5 1.5 2.125 12.75 
0 1.0625 1.0625 1.5 0.75 0.75 2.125 12.75 
0 1.0625 0.75 0.75 1.0625 3.1875 
0 1.0625 0.75 1.0625 0.75 3.1875 
0 0.75 1.0625 0.75 1.0625 3.1875 
0 1.0625 0.75 1.0625 0.75 3.1875 
0 1.5 2.125 1.5 2.125 12.75 
0 1.0625 1.0625 1.5 1.5 2.125 12.75 
0 1.0625 0.75 0.75 1.0625 3.1875 
0 1.0625 0.75 1.0625 0.75 3.1875 
0 0.75 1.0625 0.75 1.0625 3.1875 
0 1.0625 0.75 0.75 1.0625 3.1875 
0 1.0625 0.75 0.75 1.0625 3.1875 
0 1.0625 0.75 1.0625 0.75 3.1875 
0 0.75 1.0625 0.75 1.0625 3.1875 
0 1.0625 0.75 1.0625 0.75 3.1875 
0 1.5 1.0625 1.0625 1.5 2.125 12.75 
0 1.0625 1.0625 1.5 0.75 0.75 2.125 12.75 
0 1.0625 0.75 0.75 1.0625 3.1875 
0 1.0625 0.75 1.0625 0.75 3.1875 
0 0.75 1.0625 0.75 1.0625 3.1875 
0 1.0625 0.75 0.75 1.0625 3.1875 
0 1.0625 0.75 0.75 1.0625 3.1875 
0 1.0625 0.75 1.0625 0.75 3.1875 
0 0.75 1.0625 0.75 1.0625 3.1875 
0 1.0625 0.75 1.0625 0.75 3.1875 
0 0.75 1.0625 0.75 1.0625 3.1875 
0 1.0625 0.75 1.0625 0.75 3.1875 
0 0.75 1.0625 0.75 1.0625 3.1875 
0 1.0625 0.75 0.75 1.0625 3.1875 
0 1.0625 0.75 0.75 1.0625 3.1875 
0 1.0625 0.75 1.0625 0.75 3.1875 
0 0.75 1.0625 0.75 1.0625 3.1875 
0 1.0625 0.75 0.75 1.0625 3.1875 
0 1.0625 0.75 0.75 1.0625 3.1875 
0 1.0625 0.75 1.0625 0.75 3.1875 
0 0.75 1.0625 0.75 1.0625 3.1875 
0 1.0625 0.75 0.75 1.0625 3.1875 
0 1.0625 0.75 0.75 1.0625 3.1875 
0 1.0625 0.75 1.0625 0.75 3.1875 
0 0.75 1.0625 0.75 1.0625 3.1875 
0 1.0625 0.75 1.0625 0.75 3.1875 
0 0.75 1.0625 0.75 1.0625 3.1875 
0 1.0625 0.75 1.0625 0.75 3.1875 
0 0.75 1.0625 0.75 1.0625 3.1875 
0 1.0625 0.75 0.75 1.0625 3.1875 
0 1.0625 0.75 0.75 1.0625 3.1875 
0 1.0625 0.75 1.0625 0.75 3.1875 
0 0.75 1.0625 0.75 1.0625 3.1875 
0 1.0625 0.75 0.75 1.0625 3.1875 
0 1.0625 0.75 0.75 1.0625 3.1875 
0 1.0625 0.75 1.0625 0.75 3.1875 
0 0.75 1.0625 0.75 1.0625 3.1875 
0 1.0625 0.75 0.75 1.0625 3.1875 
0 1.0625 0.75 0.75 1.0625 3.1875 
0 1.0625 0.75 1.0625 0.75 3.1875 
0 0.75 1.0625 0.75 1.0625 3.1875 
0 1.0625 0.75 1.0625 0.75 3.1875 
0 0.75 1.0625 0.75 1.0625 3.1875 
0 1.0625 0.75 1.0625 0.75 3.1875 
0 0.75 1.0625 0.75 1.0625 3.1875 
0 1.0625 0.75 0.75 1.0625 3.1875 
0 1.0625 0.75 0.75 1.0625 3.1875 
0 1.0625 0.75 1.0625 0.75 3.1875 
0 0.75 1.0625 0.75 1.0625 3.1875 
0 1.0625 0.75 0.75 1.0625 3.1875 
0 1.0625 0.75 0.75 1.0625 3.1875 
0 1.0625 0.75 1.0625 0.75 3.1875 
0 0.75 1.0625 0.75 1.0625 3.1875 
0 1.0625 0.75 0.75 1.0625 3.1875 
0 1.0625 0.75 0.75 1.0625 3.1875 
0 1.0625 0.75 1.0625 0.75 3.1875 
0 0.75 1.0625 0.75 1.0625 3.1875 
0 1.0625 0.75 1.0625 0.75 3.1875 
0 0.75 1.0625 0.75 1.0625 3.1875 
0 1.0625 0.75 1.0625 0.75 3.1875 
0 0.75 1.0625 0.75 1.0625 3.1875 
0 1.0625 0.75 0.75 1.0625 3.1875 
0 1.0625 0.75 0.75 1.0625 3.1875 
0 1.0625 0.75 1.0625 0.75 3.1875 
0 0.75 1.0625 0.75 1.0625 3.1875 
0 1.0625 0.75 0.75 1.0625 3.1875 
0 1.0625 0.75 0.75 1.0625 3.1875 
0 1.0625 0.75 1.0625 0.75 3.1875 
0 0.75 1.0625 0.75 1.0625 3.1875 
0 1.0625 0.75 0.75 1.0625 3.1875 
0 2.125 0.75 0.75 2.125 1.5 12.75 
0 0.75 0.75 1.0625 1.0625 1.5 2.125 12.75 
0 2.125 1.5 1.5 2.125 12.75 
0 4.25 1.5 1.5 3 4.25 51 
0 4.25 3 3 4.25 51 
0 4.25 3 3 4.25 51 
0 4.25 3 3 4.25 51 
0 4.25 3 3 4.25 51 
0 4.25 3 3 4.25 51 
0 4.25 3 4.25 51 
0 4.25 3 4.25 51 
0 4.25 3 3 4.25 51 
0 4.25 3 3 4.25 51 
0 4.25 3 3 4.25 51 
0 4.25 3 3 4.25 51 
0 4.25 3 3 4.25 51 
0 4.25 3 3 4.25 51 
0 4.25 3 3 4.25 51 
0 2.125 2.125 3 3 4.25 51 
0 2.125 2.125 3 3 4.25 51 
0 2.125 2.125 3 3 4.25 51 
0 2.125 2.125 3 1.5 1.5 4.25 51 
0 1.0625 1.0625 1.5 1.5 2.125 12.75 
0 1.0625 1.0625 1.5 2.125 1.5 12.75 
0 1.5 2.125 1.5 2.125 12.75 
0 2.125 1.5 1.5 2.125 12.75 
0 1.0625 1.0625 1.5 1.5 2.125 12.75 
0 1.0625 1.0625 1.5 2.125 0.75 0.75 12.75 
0 1.5 2.125 1.5 2.125 12.75 
0 2.125 1.5 1.5 2.125 12.75 
0 1.0625 0.75 0.75 1.0625 3.1875 
0 1.0625 0.75 1.0625 0.75 3.1875 
0 0.75 1.0625 0.75 1.0625 3.1875 
0 1.0625 0.75 0.75 1.0625 3.1875 
0 1.0625 0.75 0.75 1.0625 3.1875 
0 1.0625 0.75 1.0625 0.75 3.1875 
0 0.75 1.0625 0.75 1.0625 3.1875 
0 1.0625 0.75 1.0625 0.75 3.1875 
0 1.5 1.0625 1.0625 1.5 2.125 12.75 
0 1.0625 1.0625 1.5 1.5 2.125 12.75 
0 1.0625 0.75 0.75 1.0625 3.1875 
0 1.0625 0.75 1.0625 0.75 3.1875 
0 0.75 1.0625 0.75 1.0625 3.1875 
0 1.0625 0.75 0.75 1.0625 3.1875 
0 1.0625 0.75 0.75 1.0625 3.1875 
0 1.0625 0.75 1.0625 0.75 3.1875 
0 0.75 1.0625 0.75 1.0625 3.1875 
0 1.0625 0.75 1.0625 0.75 3.1875 
0 1.5 1.0625 1.0625 1.5 2.125 12.75 
0 1.0625 1.0625 1.5 1.5 2.125 12.75 
0 2.125 0.75 0.75 1.5 2.125 12.75 
0 2.125 1.5 2.125 1.5 12.75 
0 1.5 2.125 1.5 2.125 12.75 
0 2.125 1.5 1.5 2.125 12.75 
0 4.25 1.5 1.5 3 4.25 51 
0 4.25 3 3 4.25 51 
0 4.25 3 3 4.25 51 
0 4.25 3 3 4.25 51 
0 4.25 3 3 4.25 51 
0 4.25 3 3 4.25 51 
0 4.25 3 4.25 51 
0 4.25 3 4.25 51 
0 4.25 3 3 4.25 51 
0 4.25 3 3 4.25 51 
0 4.25 3 3 4.25 51 
0 4.25 3 3 4.25 51 
0 4.25 3 3 4.25 51 
0 4.25 3 3 4.25 51 
0 4.25 3 3 4.25 51 
0 4.25 3 3 4.25 51 
0 4.25 3 3 4.25 51 
0 4.25 3 3 4.25 51 
0 4.25 3 3 4.25 51 
0 2.125 2.125 3 3 4.25 51 
0 2.125 2.125 3 3 4.25 51 
0 2.125 2.125 3 3 4.25 51 
0 2.125 2.125 3 3 4.25 51 
0 2.125 2.125 3 3 4.25 51 
0 4.25 3 3 4.25 51 
0 4.25 3 3 4.25 51 
0 4.25 3 3 4.25 51 
0 4.25 3 3 4.25 51 
0 4.25 3 3 4.25 51 
0 4.25 3 3 4.25 51 
0 4.25 3 4.25 51 
0 4.25 3 4.25 51 
0 4.25 3 3 4.25 51 
0 4.25 3 3 4.25 51 
0 4.25 3 3 4.25 51 
0 4.25 3 3 4.25 51 
0 4.25 3 3 4.25 51 
0 4.25 3 3 4.25 51 
0 4.25 3 3 4.25 51 
0 4.25 3 3 4.25 51 
0 4.25 3 3 4.25 51 
0 4.25 3 3 4.25 51 
0 4.25 3 3 4.25 51 
0 4.25 3 3 4.25 51 
0 4.25 3 3 4.25 51 
0 4.25 3 3 4.25 51 
0 4.25 3 3 4.25 51 
0 4.25 3 3 4.25 51 
0 4.25 3 3 4.25 51 
0 4.25 3 3 4.25 51 
0 4.25 3 3 4.25 51 
0 4.25 3 3 4.25 51 
0 4.25 3 3 4.25 51 
0 4.25 3 3 4.25 51 
0 4.25 3 4.25 51 
0 4.25 3 4.25 51 
0 4.25 3 3 4.25 51 
0 4.25 3 3 4.25 51 
0 4.25 3 3 4.25 51 
0 4.25 3 3 4.25 51 
0 4.25 3 3 4.25 51 
0 4.25 3 3 4.25 51 
0 4.25 3 3 4.25 51 
0 4.25 3 3 4.25 51 
0 4.25 3 3 4.25 51 
0 4.25 3 3 4.25 51 
0 4.25 3 3 4.25 51 
0 4.25 3 3 4.25 51 
0 4.25 3 3 4.25 51 
0 4.25 3 3 4.25 51 
0 4.25 3 3 4.25 51 
0 4.25 3 3 4.25 51 
0 4.25 3 3 4.25 51 
0 4.25 3 3 4.25 51 
0 4.25 3 3 4.25 51 
0 4.25 3 3 4.25 51 
0 4.25 3 3 4.25 51 
0 4.25 3 3 4.25 51 
0 4.25 3 4.25 51 
0 4.25 3 4.25 51 
0 4.25 3 3 4.25 51 
0 4.25 3 3 4.25 51 
0 4.25 3 3 4.25 51 
0 4.25 3 3 4.25 51 
0 4.25 3 3 4.25 51 
0 4.25 3 3 4.25 51 
0 4.25 3 3 4.25 51 
0 4.25 3 3 4.25 51 
0 4.25 3 3 4.25 51 
0 4.25 3 3 4.25 51 
0 4.25 3 3 4.25 51 
0 4.25 3 3 4.25 51 
0 4.25 3 3 4.25 51 
0 4.25 3 3 4.25 51 
0 4.25 3 3 4.25 51 
0 4.25 3 3 4.25 51 
0 4.25 3 3 4.25 51 
0 4.25 3 3 4.25 51 
0 4.25 3 3 4.25 51 
0 4.25 3 3 4.25 51 
0 4.25 3 3 4.25 51 
0 4.25 3 3 4.25 51 
0 4.25 3 4.25 51 
0 4.25 3 51 
0 4.25 3 3 51 
0 4.25 3 3 51 
0 4.25 3 3 51 
0 4.25 3 3 51 
0 4.25 3 3 51 
0 4.25 3 3 51 
0 4.25 3 3 51 
0 4.25 3 3 51 
0 4.25 3 3 51 
0 4.25 3 3 51 
0 4.25 3 3 51 
0 4.25 3 3 51 
0 4.25 3 3 51 
0 4.25 3 3 51 
0 4.25 3 3 51 
0 4.25 3 3 51 
0 4.25 3 3 51 
0 4.25 3 3 51 
0 4.25 3 3 51 
0 4.25 3 3 51 
0 4.25 3 3 51 
0 4.25 3 3 51 
0 4.25 3 51 
0 51 17 24.08333397 51 
0 51 17 17 24.08333397 51 
0 51 17 17 24.08333397 51 
0 51 17 17 24.08333397 51 
0 51 17 17 24.08333397 51 
0 51 17 17 24.08333397 51 
0 51 17 17 24.08333397 51 
0 51 17 17 24.08333397 51 
0 51 17 17 24.08333397 51 
0 51 17 17 24.08333397 51 
0 51 17 17 24.08333397 51 
0 51 17 17 24.08333397 51 
0 51 17 17 24.08333397 51 
0 51 17 17 24.08333397 51 
0 51 17 17 24.08333397 51 
0 51 17 17 24.08333397 51 
0 51 17 17 24.08333397 51 
0 51 17 17 24.08333397 51 
0 51 17 17 24.08333397 51 
0 51 17 17 24.08333397 51 
0 51 17 17 24.08333397 51 
0 51 17 17 24.08333397 51 
0 51 17 17 24.08333397 51 
0 51 17 24.08333397 51 
0 51 24.08333397 17 24.08333397 51 
0 51 24.08333397 17 17 24.08333397 51 
0 51 24.08333397 17 17 24.08333397 51 
0 51 24.08333397 17 17 24.08333397 51 
0 51 24.08333397 17 17 24.08333397 51 
0 51 24.08333397 17 17 24.08333397 51 
0 51 24.08333397 17 17 24.08333397 51 
0 51 24.08333397 17 17 24.08333397 51 
0 51 24.08333397 17 17 24.08333397 51 
0 51 24.08333397 17 17 24.08333397 51 
0 51 24.08333397 17 17 24.08333397 51 
0 51 24.08333397 17 17 24.08333397 51 
0 51 24.08333397 17 17 24.08333397 51 
0 51 24.08333397 17 17 24.08333397 51 
0 51 24.08333397 17 17 24.08333397 51 
0 51 24.08333397 17 17 24.08333397 51 
0 51 24.08333397 17 17 24.08333397 51 
0 51 24.08333397 17 17 24.08333397 51 
0 51 24.08333397 17 17 24.08333397 51 
0 51 24.08333397 17 17 24.08333397 51 
0 51 24.08333397 17 17 24.08333397 51 
0 51 24.08333397 17 17 24.08333397 51 
0 51 24.08333397 17 17 24.08333397 51 
0 51 24.08333397 17 24.08333397 51 
0 51 24.08333397 17 24.08333397 51 
0 51 24.08333397 17 17 24.08333397 51 
0 51 24.08333397 17 17 24.08333397 51 
0 51 24.08333397 17 17 24.08333397 51 
0 51 24.08333397 17 17 24.08333397 51 
0 51 24.08333397 17 17 24.08333397 51 
0 51 24.08333397 17 17 24.08333397 51 
0 51 24.08333397 17 17 24.08333397 51 
0 51 24.08333397 17 17 24.08333397 51 
0 51 24.08333397 17 17 24.08333397 51 
0 51 24.08333397 17 17 24.08333397 51 
0 51 24.08333397 17 17 24.08333397 51 
0 51 24.08333397 17 17 24.08333397 51 
0 51 24.08333397 17 17 24.08333397 51 
0 51 24.08333397 17 17 24.08333397 51 
0 51 24.08333397 17 17 24.08333397 51 
0 51 24.08333397 17 17 24.08333397 51 
0 51 24.08333397 17 17 24.08333397 51 
0 51 24.08333397 17 17 24.08333397 51 
0 51 24.08333397 17 17 24.08333397 51 
0 51 24.08333397 17 17 24.08333397 51 
0 51 24.08333397 17 17 24.08333397 51 
0 51 24.08333397 17 17 24.08333397 51 
0 51 24.08333397 17 24.08333397 51 
0 51 24.08333397 17 24.08333397 51 
0 51 24.08333397 17 17 24.08333397 51 
0 51 24.08333397 17 17 24.08333397 51 
0 51 24.08333397 17 17 24.08333397 51 
0 51 24.08333397 17 17 24.08333397 51 
0 51 24.08333397 17 17 24.08333397 51 
0 51 24.08333397 17 17 24.08333397 51 
0 51 24.08333397 17 17 24.08333397 51 
0 51 24.08333397 17 17 24.08333397 51 
0 51 24.08333397 17 17 24.08333397 51 
0 51 24.08333397 17 17 24.08333397 51 
0 51 24.08333397 17 17 24.08333397 51 
0 51 24.08333397 17 17 24.08333397 51 
0 51 24.08333397 17 17 24.08333397 51 
0 51 24.08333397 17 17 24.08333397 51 
0 51 24.08333397 17 17 24.08333397 51 
0 51 24.08333397 17 17 24.08333397 51 
0 51 24.08333397 17 17 24.08333397 51 
0 51 24.08333397 17 17 24.08333397 51 
0 51 24.08333397 17 17 24.08333397 51 
0 51 24.08333397 17 17 24.08333397 51 
0 51 24.08333397 17 17 24.08333397 51 
0 51 24.08333397 17 17 24.08333397 51 
0 51 24.08333397 17 24.08333397 51 
0 51 24.08333397 17 24.08333397 51 
0 51 24.08333397 17 17 24.08333397 51 
0 51 24.08333397 17 17 24.08333397 51 
0 51 24.08333397 17 17 24.08333397 51 
0 51 24.08333397 17 17 24.08333397 51 
0 51 24.08333397 17 17 24.08333397 51 
0 51 24.08333397 17 17 24.08333397 51 
0 51 24.08333397 17 17 24.08333397 51 
0 51 24.08333397 17 17 24.08333397 51 
0 51 24.08333397 17 17 24.08333397 51 
0 51 24.08333397 17 17 24.08333397 51 
0 51 24.08333397 17 17 24.08333397 51 
0 51 24.08333397 17 17 24.08333397 51 
0 51 24.08333397 17 17 24.08333397 51 
0 51 24.08333397 17 17 24.08333397 51 
0 51 24.08333397 17 17 24.08333397 51 
0 51 24.08333397 17 17 24.08333397 51 
0 51 24.08333397 17 17 24.08333397 51 
0 51 24.08333397 17 17 24.08333397 51 
0 51 24.08333397 17 17 24.08333397 51 
0 51 24.08333397 17 17 24.08333397 51 
0 51 24.08333397 17 17 24.08333397 51 
0 51 24.08333397 17 17 24.08333397 51 
0 51 24.08333397 17 24.08333397 51 
0 51 24.08333397 17 24.08333397 51 
0 51 24.08333397 17 17 24.08333397 51 
0 51 24.08333397 17 17 24.08333397 51 
0 51 24.08333397 17 17 24.08333397 51 
0 51 24.08333397 17 17 24.08333397 51 
0 51 24.08333397 17 17 24.08333397 51 
0 51 24.08333397 17 17 24.08333397 51 
0 51 24.08333397 17 17 24.08333397 51 
0 51 24.08333397 17 17 24.08333397 51 
0 51 24.08333397 17 17 24.08333397 51 
0 51 24.08333397 17 17 24.08333397 51 
0 51 24.08333397 17 17 24.08333397 51 
0 51 24.08333397 17 17 24.08333397 51 
0 51 24.08333397 17 17 24.08333397 51 
0 51 24.08333397 17 17 24.08333397 51 
0 51 24.08333397 17 17 24.08333397 51 
0 51 24.08333397 17 17 24.08333397 51 
0 51 24.08333397 17 17 24.08333397 51 
0 51 24.08333397 17 17 24.08333397 51 
0 51 24.08333397 17 17 24.08333397 51 
0 51 24.08333397 17 17 24.08333397 51 
0 51 24.08333397 17 17 24.08333397 51 
0 51 24.08333397 17 17 24.08333397 51 
0 51 24.08333397 17 24.08333397 51 
0 51 24.08333397 17 24.08333397 51 
0 51 24.08333397 17 17 24.08333397 51 
0 51 24.08333397 17 17 24.08333397 51 
0 51 24.08333397 17 17 24.08333397 51 
0 51 24.08333397 17 17 24.08333397 51 
0 51 24.08333397 17 17 24.08333397 51 
0 51 24.08333397 17 17 24.08333397 51 
0 51 24.08333397 17 17 24.08333397 51 
0 51 24.08333397 17 17 12.04166698 12.04166698 51 
0 51 24.08333397 17 17 12.04166698 12.04166698 51 
0 51 24.08333397 17 17 12.04166698 12.04166698 51 
0 51 24.08333397 17 17 24.08333397 51 
0 51 24.08333397 17 17 24.08333397 51 
0 51 24.08333397 17 17 24.08333397 51 
0 51 24.08333397 17 17 24.08333397 51 
0 51 24.08333397 17 17 24.08333397 51 
0 51 24.08333397 17 17 24.08333397 51 
0 51 24.08333397 17 17 24.08333397 51 
0 51 24.08333397 17 17 24.08333397 51 
0 51 24.08333397 17 17 24.08333397 51 
0 51 24.08333397 17 17 24.08333397 51 
0 51 24.08333397 17 17 24.08333397 51 
0 51 24.08333397 17 17 24.08333397 51 
0 51 24.08333397 17 24.08333397 51 
0 51 24.08333397 17 24.08333397 51 
0 51 24.08333397 17 17 24.08333397 51 
0 51 24.08333397 17 17 24.08333397 51 
0 51 24.08333397 17 17 24.08333397 51 
0 51 24.08333397 17 17 24.08333397 51 
0 51 24.08333397 17 17 24.08333397 51 
0 51 24.08333397 17 17 24.08333397 51 
0 51 24.08333397 17 8.5 8.5 12.04166698 12.04166698 51 
0 12.75 12.04166698 8.5 8.5 12.04166698 12.75 
0 12.75 12.04166698 8.5 12.04166698 8.5 12.75 
0 12.75 8.5 12.04166698 8.5 6.020833492 6.020833492 12.75 
0 12.75 12.04166698 8.5 8.5 6.020833492 6.020833492 12.75 
0 12.75 12.04166698 8.5 8.5 12.04166698 12.75 
0 12.75 12.04166698 8.5 12.04166698 8.5 12.75 
0 12.75 8.5 12.04166698 8.5 6.020833492 6.020833492 12.75 
0 12.75 12.04166698 8.5 8.5 6.020833492 6.020833492 12.75 
0 12.75 12.04166698 8.5 8.5 12.04166698 12.75 
0 12.75 12.04166698 8.5 12.04166698 8.5 12.75 
0 12.75 8.5 12.04166698 8.5 6.020833492 6.020833492 12.75 
0 12.75 12.04166698 8.5 8.5 12.04166698 12.75 
0 51 24.08333397 8.5 8.5 17 12.04166698 12.04166698 51 
0 51 24.08333397 17 17 12.04166698 12.04166698 51 
0 51 24.08333397 17 17 12.04166698 12.04166698 51 
0 51 24.08333397 17 17 12.04166698 12.04166698 51 
0 51 24.08333397 17 17 12.04166698 12.04166698 51 
0 51 24.08333397 17 17 12.04166698 12.04166698 51 
0 51 24.08333397 17 17 24.08333397 51 
0 51 24.08333397 17 17 24.08333397 51 
0 51 24.08333397 17 17 24.08333397 51 
0 51 24.08333397 17 17 24.08333397 51 
0 51 24.08333397 17 17 24.08333397 51 
0 51 24.08333397 17 17 24.08333397 51 
0 51 24.08333397 17 24.08333397 51 
0 51 24.08333397 17 24.08333397 51 
0 51 24.08333397 17 17 24.08333397 51 
0 51 24.08333397 17 17 24.08333397 51 
0 51 24.08333397 17 17 24.08333397 51 
0 51 24.08333397 17 17 24.08333397 51 
0 51 24.08333397 17 17 24.08333397 51 
0 51 24.08333397 17 8.5 8.5 24.08333397 51 
0 12.75 12.04166698 8.5 8.5 12.04166698 12.75 
0 12.75 12.04166698 8.5 12.04166698 4.25 4.25 12.75 
0 12.75 8.5 12.04166698 8.5 12.04166698 12.75 
0 12.75 12.04166698 8.5 8.5 12.04166698 12.75 
0 3.1875 6.020833492 4.25 4.25 6.020833492 3.1875 
0 3.1875 6.020833492 4.25 6.020833492 4.25 3.1875 
0 3.1875 4.25 6.020833492 4.25 6.020833492 3.1875 
0 3.1875 6.020833492 4.25 4.25 6.020833492 3.1875 
0 3.1875 6.020833492 4.25 4.25 6.020833492 3.1875 
0 3.1875 6.020833492 4.25 6.020833492 4.25 3.1875 
0 3.1875 4.25 6.020833492 4.25 6.020833492 3.1875 
0 3.1875 6.020833492 4.25 6.020833492 4.25 3.1875 
0 12.75 8.5 6.020833492 6.020833492 4.25 4.25 12.04166698 12.75 
0 3.1875 6.020833492 4.25 4.25 6.020833492 3.1875 
0 3.1875 6.020833492 4.25 6.020833492 4.25 3.1875 
0 3.1875 4.25 6.020833492 4.25 6.020833492 3.1875 
0 3.1875 6.020833492 4.25 4.25 6.020833492 3.1875 
0 3.1875 6.020833492 4.25 4.25 6.020833492 3.1875 
0 3.1875 6.020833492 4.25 6.020833492 4.25 3.1875 
0 3.1875 4.25 6.020833492 4.25 6.020833492 3.1875 
0 3.1875 6.020833492 4.25 4.25 6.020833492 3.1875 
0 3.1875 6.020833492 4.25 4.25 6.020833492 3.1875 
0 3.1875 6.020833492 4.25 6.020833492 4.25 3.1875 
0 3.1875 4.25 6.020833492 4.25 6.020833492 3.1875 
0 3.1875 6.020833492 4.25 6.020833492 4.25 3.1875 
0 3.1875 4.25 6.020833492 4.25 6.020833492 3.1875 
0 3.1875 6.020833492 4.25 6.020833492 4.25 3.1875 
0 3.1875 4.25 6.020833492 4.25 6.020833492 3.1875 
0 3.1875 6.020833492 4.25 4.25 6.020833492 3.1875 
0 3.1875 6.020833492 4.25 4.25 6.020833492 3.1875 
0 3.1875 6.020833492 4.25 6.020833492 4.25 3.1875 
0 3.1875 4.25 6.020833492 4.25 6.020833492 3.1875 
0 3.1875 6.020833492 4.25 4.25 6.020833492 3.1875 
0 3.1875 6.020833492 4.25 4.25 6.020833492 3.1875 
0 3.1875 6.020833492 4.25 6.020833492 4.25 3.1875 
0 3.1875 4.25 6.020833492 4.25 6.020833492 3.1875 
0 3.1875 6.020833492 4.25 4.25 6.020833492 3.1875 
0 12.75 12.04166698 4.25 4.25 6.020833492 6.020833492 8.5 12.75 
0 3.1875 4.25 6.020833492 4.25 6.020833492 3.1875 
0 3.1875 6.020833492 4.25 6.020833492 4.25 3.1875 
0 3.1875 4.25 6.020833492 4.25 6.020833492 3.1875 
0 3.1875 6.020833492 4.25 4.25 6.020833492 3.1875 
0 3.1875 6.020833492 4.25 4.25 6.020833492 3.1875 
0 3.1875 6.020833492 4.25 6.020833492 4.25 3.1875 
0 3.1875 4.25 6.020833492 4.25 6.020833492 3.1875 
0 3.1875 6.020833492 4.25 4.25 6.020833492 3.1875 
0 12.75 12.04166698 8.5 8.5 6.020833492 6.020833492 12.75 
0 12.75 12.04166698 8.5 6.020833492 6.020833492 8.5 12.75 
0 3.1875 4.25 6.020833492 4.25 6.020833492 3.1875 
0 3.1875 6.020833492 4.25 6.020833492 4.25 3.1875 
0 3.1875 4.25 6.020833492 4.25 6.020833492 3.1875 
0 3.1875 6.020833492 4.25 4.25 6.020833492 3.1875 
0 3.1875 6.020833492 4.25 4.25 6.020833492 3.1875 
0 3.1875 6.020833492 4.25 6.020833492 4.25 3.1875 
0 3.1875 4.25 6.020833492 4.25 6.020833492 3.1875 
0 3.1875 6.020833492 4.25 4.25 6.020833492 3.1875 
0 12.75 12.04166698 8.5 8.5 6.020833492 6.020833492 12.75 
0 12.75 12.04166698 8.5 6.020833492 6.020833492 8.5 12.75 
0 3.1875 4.25 6.020833492 4.25 6.020833492 3.1875 
0 3.1875 6.020833492 4.25 6.020833492 4.25 3.1875 
0 3.1875 4.25 6.020833492 4.25 6.020833492 3.1875 
0 3.1875 6.020833492 4.25 4.25 6.020833492 3.1875 
0 3.1875 6.020833492 4.25 4.25 6.020833492 3.1875 
0 3.1875 6.020833492 4.25 6.020833492 4.25 3.1875 
0 3.1875 4.25 6.020833492 4.25 6.020833492 3.1875 
0 3.1875 6.020833492 4.25 4.25 6.020833492 3.1875 
0 12.75 12.04166698 8.5 8.5 6.020833492 6.020833492 12.75 
0 12.75 12.04166698 8.5 6.020833492 6.020833492 8.5 12.75 
0 3.1875 4.25 6.020833492 4.25 6.020833492 3.1875 
0 3.1875 6.020833492 4.25 6.020833492 4.25 3.1875 
0 3.1875 4.25 6.020833492 4.25 6.020833492 3.1875 
0 3.1875 6.020833492 4.25 4.25 6.020833492 3.1875 
0 3.1875 6.020833492 4.25 4.25 6.020833492 3.1875 
0 3.1875 6.020833492 4.25 6.020833492 4.25 3.1875 
0 3.1875 4.25 6.020833492 4.25 6.020833492 3.1875 
0 3.1875 6.020833492 4.25 4.25 6.020833492 3.1875 
0 12.75 12.04166698 8.5 8.5 6.020833492 6.020833492 12.75 
0 12.75 12.04166698 8.5 6.020833492 6.020833492 8.5 12.75 
0 3.1875 4.25 6.020833492 4.25 6.020833492 3.1875 
0 3.1875 6.020833492 4.25 6.020833492 4.25 3.1875 
0 3.1875 4.25 6.020833492 4.25 6.020833492 3.1875 
0 3.1875 6.020833492 4.25 4.25 6.020833492 3.1875 
0 3.1875 6.020833492 4.25 4.25 6.020833492 3.1875 
0 3.1875 6.020833492 4.25 6.020833492 4.25 3.1875 
0 3.1875 4.25 6.020833492 4.25 6.020833492 3.1875 
0 3.1875 6.020833492 4.25 4.25 6.020833492 3.1875 
0 12.75 12.04166698 8.5 8.5 6.020833492 6.020833492 12.75 
0 12.75 12.04166698 8.5 6.020833492 6.020833492 8.5 12.75 
0 3.1875 4.25 6.020833492 4.25 6.020833492 3.1875 
0 3.1875 6.020833492 4.25 6.020833492 4.25 3.1875 
0 3.1875 4.25 6.020833492 4.25 6.020833492 3.1875 
0 3.1875 6.020833492 4.25 4.25 6.020833492 3.1875 
0 3.1875 6.020833492 4.25 4.25 6.020833492 3.1875 
0 3.1875 6.020833492 4.25 6.020833492 4.25 3.1875 
0 3.1875 4.25 6.020833492 4.25 6.020833492 3.1875 
0 3.1875 6.020833492 4.25 4.25 6.020833492 3.1875 
0 12.75 12.04166698 8.5 8.5 6.020833492 6.020833492 12.75 
0 12.75 12.04166698 8.5 12.04166698 8.5 12.75 
0 3.1875 4.25 6.020833492 4.25 6.020833492 3.1875 
0 3.1875 6.020833492 4.25 6.020833492 4.25 3.1875 
0 3.1875 4.25 6.020833492 4.25 6.020833492 3.1875 
0 3.1875 6.020833492 4.25 4.25 6.020833492 3.1875 
0 12.75 12.04166698 4.25 4.25 8.5 12.04166698 12.75 
0 51 24.08333397 8.5 8.5 17 24.08333397 51 
0 51 24.08333397 17 17 24.08333397 51 
0 51 24.08333397 17 17 24.08333397 51 
0 51 24.08333397 17 17 24.08333397 51 
0 51 24.08333397 17 17 24.08333397 51 
0 51 24.08333397 17 17 24.08333397 51 
0 51 24.08333397 17 24.08333397 51 
0 51 24.08333397 17 24.08333397 51 
0 51 24.08333397 17 17 24.08333397 51 
0 51 24.08333397 17 17 24.08333397 51 
0 51 24.08333397 17 17 24.08333397 51 
0 51 24.08333397 17 17 24.08333397 51 
0 51 24.08333397 17 17 24.08333397 51 
0 51 24.08333397 17 17 24.08333397 51 
0 51 12.04166698 12.04166698 17 8.5 8.5 24.08333397 51 
0 12.75 12.04166698 8.5 8.5 12.04166698 12.75 
0 12.75 6.020833492 6.020833492 8.5 12.04166698 8.5 12.75 
0 12.75 8.5 12.04166698 8.5 12.04166698 12.75 
0 12.75 12.04166698 8.5 8.5 12.04166698 12.75 
0 12.75 6.020833492 6.020833492 8.5 8.5 12.04166698 12.75 
0 12.75 6.020833492 6.020833492 8.5 12.04166698 8.5 12.75 
0 12.75 8.5 12.04166698 8.5 12.04166698 12.75 
0 12.75 12.04166698 8.5 8.5 12.04166698 12.75 
0 12.75 6.020833492 6.020833492 8.5 4.25 4.25 12.04166698 12.75 
0 3.1875 6.020833492 4.25 4.25 6.020833492 3.1875 
0 3.1875 6.020833492 4.25 6.020833492 4.25 3.1875 
0 3.1875 4.25 6.020833492 4.25 6.020833492 3.1875 
0 3.1875 6.020833492 4.25 6.020833492 4.25 3.1875 
0 12.75 8.5 12.04166698 8.5 12.04166698 12.75 
0 12.75 6.020833492 6.020833492 8.5 8.5 12.04166698 12.75 
0 3.1875 6.020833492 4.25 4.25 6.020833492 3.1875 
0 3.1875 6.020833492 4.25 6.020833492 4.25 3.1875 
0 3.1875 4.25 6.020833492 4.25 6.020833492 3.1875 
0 3.1875 6.020833492 4.25 4.25 6.020833492 3.1875 
0 3.1875 6.020833492 4.25 4.25 6.020833492 3.1875 
0 3.1875 6.020833492 4.25 6.020833492 4.25 3.1875 
0 3.1875 4.25 6.020833492 4.25 6.020833492 3.1875 
0 3.1875 6.020833492 4.25 6.020833492 4.25 3.1875 
0 12.75 8.5 6.020833492 6.020833492 8.5 12.04166698 12.75 
0 12.75 6.020833492 6.020833492 8.5 4.25 4.25 12.04166698 12.75 
0 3.1875 6.020833492 4.25 4.25 6.020833492 3.1875 
0 3.1875 6.020833492 4.25 6.020833492 4.25 3.1875 
0 3.1875 4.25 6.020833492 4.25 6.020833492 3.1875 
0 3.1875 6.020833492 4.25 4.25 6.020833492 3.1875 
0 3.1875 6.020833492 4.25 4.25 6.020833492 3.1875 
0 3.1875 6.020833492 4.25 6.020833492 4.25 3.1875 
0 3.1875 4.25 6.020833492 4.25 6.020833492 3.1875 
0 3.1875 6.020833492 4.25 6.020833492 4.25 3.1875 
0 3.1875 4.25 6.020833492 4.25 6.020833492 3.1875 
0 3.1875 6.020833492 4.25 6.020833492 4.25 3.1875 
0 3.1875 4.25 6.020833492 4.25 6.020833492 3.1875 
0 3.1875 6.020833492 4.25 4.25 6.020833492 3.1875 
0 3.1875 6.020833492 4.25 4.25 6.020833492 3.1875 
0 3.1875 6.020833492 4.25 6.020833492 4.25 3.1875 
0 3.1875 4.25 6.020833492 4.25 6.020833492 3.1875 
0 3.1875 6.020833492 4.25 4.25 6.020833492 3.1875 
0 3.1875 6.020833492 4.25 4.25 6.020833492 3.1875 
0 3.1875 6.020833492 4.25 6.020833492 4.25 3.1875 
0 3.1875 4.25 6.020833492 4.25 6.020833492 3.1875 
0 3.1875 6.020833492 4.25 4.25 6.020833492 3.1875 
0 3.1875 6.020833492 4.25 4.25 6.020833492 3.1875 
0 3.1875 6.020833492 4.25 6.020833492 4.25 3.1875 
0 3.1875 4.25 6.020833492 4.25 6.020833492 3.1875 
0 3.1875 6.020833492 4.25 6.020833492 4.25 3.1875 
0 3.1875 4.25 6.020833492 4.25 6.020833492 3.1875 
0 3.1875 6.020833492 4.25 6.020833492 4.25 3.1875 
0 3.1875 4.25 6.020833492 4.25 6.020833492 3.1875 
0 3.1875 6.020833492 4.25 4.25 6.020833492 3.1875 
0 3.1875 6.020833492 4.25 4.25 6.020833492 3.1875 
0 3.1875 6.020833492 4.25 6.020833492 4.25 3.1875 
0 3.1875 4.25 6.020833492 4.25 6.020833492 3.1875 
0 3.1875 6.020833492 4.25 4.25 6.020833492 3.1875 
0 3.1875 6.020833492 4.25 4.25 6.020833492 3.1875 
0 3.1875 6.020833492 4.25 6.020833492 4.25 3.1875 
0 3.1875 4.25 6.020833492 4.25 6.020833492 3.1875 
0 3.1875 6.020833492 4.25 4.25 6.020833492 3.1875 
0 3.1875 6.020833492 4.25 4.25 6.020833492 3.1875 
0 3.1875 6.020833492 4.25 6.020833492 4.25 3.1875 
0 3.1875 4.25 6.020833492 4.25 6.020833492 3.1875 
0 3.1875 6.020833492 4.25 6.020833492 4.25 3.1875 
0 3.1875 4.25 6.020833492 4.25 6.020833492 3.1875 
0 3.1875 6.020833492 4.25 6.020833492 4.25 3.1875 
0 3.1875 4.25 6.020833492 4.25 6.020833492 3.1875 
0 3.1875 6.020833492 4.25 4.25 6.020833492 3.1875 
0 3.1875 6.020833492 4.25 4.25 6.020833492 3.1875 
0 3.1875 6.020833492 4.25 6.020833492 4.25 3.1875 
0 3.1875 4.25 6.020833492 4.25 6.020833492 3.1875 
0 3.1875 6.020833492 4.25 4.25 6.020833492 3.1875 
0 3.1875 6.020833492 4.25 4.25 6.020833492 3.1875 
0 3.1875 6.020833492 4.25 6.020833492 4.25 3.1875 
0 3.1875 4.25 6.020833492 4.25 6.020833492 3.1875 
0 3.1875 6.020833492 4.25 4.25 6.020833492 3.1875 
0 3.1875 6.020833492 4.25 4.25 6.020833492 3.1875 
0 3.1875 6.020833492 4.25 6.020833492 4.25 3.1875 
0 3.1875 4.25 6.020833492 4.25 6.020833492 3.1875 
0 3.1875 6.020833492 4.25 6.020833492 4.25 3.1875 
0 3.1875 4.25 6.020833492 4.25 6.020833492 3.1875 
0 3.1875 6.020833492 4.25 6.020833492 4.25 3.1875 
0 3.1875 4.25 6.020833492 4.25 6.020833492 3.1875 
0 3.1875 6.020833492 4.25 4.25 6.020833492 3.1875 
0 3.1875 6.020833492 4.25 4.25 6.020833492 3.1875 
0 3.1875 6.020833492 4.25 6.020833492 4.25 3.1875 
0 3.1875 4.25 6.020833492 4.25 6.020833492 3.1875 
0 3.1875 6.020833492 4.25 4.25 6.020833492 3.1875 
0 3.1875 6.020833492 4.25 4.25 6.020833492 3.1875 
0 3.1875 6.020833492 4.25 6.020833492 4.25 3.1875 
0 3.1875 4.25 6.020833492 4.25 6.020833492 3.1875 
0 3.1875 6.020833492 4.25 4.25 6.020833492 3.1875 
0 12.75 12.04166698 4.25 4.25 12.04166698 8.5 12.75 
0 12.75 4.25 4.25 6.020833492 6.020833492 8.5 12.04166698 12.75 
0 12.75 12.04166698 8.5 8.5 12.04166698 12.75 
0 51 24.08333397 8.5 8.5 17 24.08333397 51 
0 51 24.08333397 17 17 24.08333397 51 
0 51 24.08333397 17 17 24.08333397 51 
0 51 24.08333397 17 17 24.08333397 51 
0 51 24.08333397 17 17 24.08333397 51 
0 51 24.08333397 17 17 24.08333397 51 
0 51 24.08333397 17 24.08333397 51 
0 51 24.08333397 17 24.08333397 51 
0 51 24.08333397 17 17 24.08333397 51 
0 51 24.08333397 17 17 24.08333397 51 
0 51 24.08333397 17 17 24.08333397 51 
0 51 24.08333397 17 17 24.08333397 51 
0 51 24.08333397 17 17 24.08333397 51 
0 51 24.08333397 17 17 24.08333397 51 
0 51 24.08333397 17 17 24.08333397 51 
0 51 12.04166698 12.04166698 17 17 24.08333397 51 
0 51 12.04166698 12.04166698 17 17 24.08333397 51 
0 51 12.04166698 12.04166698 17 17 24.08333397 51 
0 51 12.04166698 12.04166698 17 8.5 8.5 24.08333397 51 
0 12.75 6.020833492 6.020833492 8.5 8.5 12.04166698 12.75 
0 12.75 6.020833492 6.020833492 8.5 12.04166698 8.5 12.75 
0 12.75 8.5 12.04166698 8.5 12.04166698 12.75 
0 12.75 12.04166698 8.5 8.5 12.04166698 12.75 
0 12.75 6.020833492 6.020833492 8.5 8.5 12.04166698 12.75 
0 12.75 6.020833492 6.020833492 8.5 12.04166698 4.25 4.25 12.75 
0 12.75 8.5 12.04166698 8.5 12.04166698 12.75 
0 12.75 12.04166698 8.5 8.5 12.04166698 12.75 
0 3.1875 6.020833492 4.25 4.25 6.020833492 3.1875 
0 3.1875 6.020833492 4.25 6.020833492 4.25 3.1875 
0 3.1875 4.25 6.020833492 4.25 6.020833492 3.1875 
0 3.1875 6.020833492 4.25 4.25 6.020833492 3.1875 
0 3.1875 6.020833492 4.25 4.25 6.020833492 3.1875 
0 3.1875 6.020833492 4.25 6.020833492 4.25 3.1875 
0 3.1875 4.25 6.020833492 4.25 6.020833492 3.1875 
0 3.1875 6.020833492 4.25 6.020833492 4.25 3.1875 
0 12.75 8.5 6.020833492 6.020833492 8.5 12.04166698 12.75 
0 12.75 6.020833492 6.020833492 8.5 8.5 12.04166698 12.75 
0 3.1875 6.020833492 4.25 4.25 6.020833492 3.1875 
0 3.1875 6.020833492 4.25 6.020833492 4.25 3.1875 
0 3.1875 4.25 6.020833492 4.25 6.020833492 3.1875 
0 3.1875 6.020833492 4.25 4.25 6.020833492 3.1875 
0 3.1875 6.020833492 4.25 4.25 6.020833492 3.1875 
0 3.1875 6.020833492 4.25 6.020833492 4.25 3.1875 
0 3.1875 4.25 6.020833492 4.25 6.020833492 3.1875 
0 3.1875 6.020833492 4.25 6.020833492 4.25 3.1875 
0 12.75 8.5 6.020833492 6.020833492 8.5 12.04166698 12.75 
0 12.75 6.020833492 6.020833492 8.5 8.5 12.04166698 12.75 
0 12.75 12.04166698 4.25 4.25 8.5 12.04166698 12.75 
0 12.75 12.04166698 8.5 12.04166698 8.5 12.75 
0 12.75 8.5 12.04166698 8.5 12.04166698 12.75 
0 12.75 12.04166698 8.5 8.5 12.04166698 12.75 
0 51 24.08333397 8.5 8.5 17 24.08333397 51 
0 51 24.08333397 17 17 24.08333397 51 
0 51 24.08333397 17 17 24.08333397 51 
0 51 24.08333397 17 17 24.08333397 51 
0 51 24.08333397 17 17 24.08333397 51 
0 51 24.08333397 17 17 24.08333397 51 
0 51 24.08333397 17 24.08333397 51 
0 51 24.08333397 17 24.08333397 51 
0 51 24.08333397 17 17 24.08333397 51 
0 51 24.08333397 17 17 24.08333397 51 
0 51 24.08333397 17 17 24.08333397 51 
0 51 24.08333397 17 17 24.08333397 51 
0 51 24.08333397 17 17 24.08333397 51 
0 51 24.08333397 17 17 24.08333397 51 
0 51 24.08333397 17 17 24.08333397 51 
0 51 24.08333397 17 17 24.08333397 51 
0 51 24.08333397 17 17 24.08333397 51 
0 51 24.08333397 17 17 24.08333397 51 
0 51 24.08333397 17 17 24.08333397 51 
0 51 12.04166698 12.04166698 17 17 24.08333397 51 
0 51 12.04166698 12.04166698 17 17 24.08333397 51 
0 51 12.04166698 12.04166698 17 17 24.08333397 51 
0 51 12.04166698 12.04166698 17 17 24.08333397 51 
0 51 12.04166698 12.04166698 17 17 24.08333397 51 
0 51 24.08333397 17 17 24.08333397 51 
0 51 24.08333397 17 17 24.08333397 51 
0 51 24.08333397 17 17 24.08333397 51 
0 51 24.08333397 17 17 24.08333397 51 
0 51 24.08333397 17 17 24.08333397 51 
0 51 24.08333397 17 17 24.08333397 51 
0 51 24.08333397 17 24.08333397 51 
0 51 24.08333397 17 24.08333397 51 
0 51 24.08333397 17 17 24.08333397 51 
0 51 24.08333397 17 17 24.08333397 51 
0 51 24.08333397 17 17 24.08333397 51 
0 51 24.08333397 17 17 24.08333397 51 
0 51 24.08333397 17 17 24.08333397 51 
0 51 24.08333397 17 17 24.08333397 51 
0 51 24.08333397 17 17 24.08333397 51 
0 51 24.08333397 17 17 24.08333397 51 
0 51 24.08333397 17 17 24.08333397 51 
0 51 24.08333397 17 17 24.08333397 51 
0 51 24.08333397 17 17 24.08333397 51 
0 51 24.08333397 17 17 24.08333397 51 
0 51 24.08333397 17 17 24.08333397 51 
0 51 24.08333397 17 17 24.08333397 51 
0 51 24.08333397 17 17 24.08333397 51 
0 51 24.08333397 17 17 24.08333397 51 
0 51 24.08333397 17 17 24.08333397 51 
0 51 24.08333397 17 17 24.08333397 51 
0 51 24.08333397 17 17 24.08333397 51 
0 51 24.08333397 17 17 24.08333397 51 
0 51 24.08333397 17 17 24.08333397 51 
0 51 24.08333397 17 17 24.08333397 51 
0 51 24.08333397 17 24.08333397 51 
0 51 24.08333397 17 24.08333397 51 
0 51 24.08333397 17 17 24.08333397 51 
0 51 24.08333397 17 17 24.08333397 51 
0 51 24.08333397 17 17 24.08333397 51 
0 51 24.08333397 17 17 24.08333397 51 
0 51 24.08333397 17 17 24.08333397 51 
0 51 24.08333397 17 17 24.08333397 51 
0 51 24.08333397 17 17 24.08333397 51 
0 51 24.08333397 17 17 24.08333397 51 
0 51 24.08333397 17 17 24.08333397 51 
0 51 24.08333397 17 17 24.08333397 51 
0 51 24.08333397 17 17 24.08333397 51 
0 51 24.08333397 17 17 24.08333397 51 
0 51 24.08333397 17 17 24.08333397 51 
0 51 24.08333397 17 17 24.08333397 51 
0 51 24.08333397 17 17 24.08333397 51 
0 51 24.08333397 17 17 24.08333397 51 
0 51 24.08333397 17 17 24.08333397 51 
0 51 24.08333397 17 17 24.08333397 51 
0 51 24.08333397 17 17 24.08333397 51 
0 51 24.08333397 17 17 24.08333397 51 
0 51 24.08333397 17 17 24.08333397 51 
0 51 24.08333397 17 17 24.08333397 51 
0 51 24.08333397 17 24.08333397 51 
0 51 24.08333397 17 24.08333397 51 
0 51 24.08333397 17 17 24.08333397 51 
0 51 24.08333397 17 17 24.08333397 51 
0 51 24.08333397 17 17 24.08333397 51 
0 51 24.08333397 17 17 24.08333397 51 
0 51 24.08333397 17 17 24.08333397 51 
0 51 24.08333397 17 17 24.08333397 51 
0 51 24.08333397 17 17 24.08333397 51 
0 51 24.08333397 17 17 24.08333397 51 
0 51 24.08333397 17 17 24.08333397 51 
0 51 24.08333397 17 17 24.08333397 51 
0 51 24.08333397 17 17 24.08333397 51 
0 51 24.08333397 17 17 24.08333397 51 
0 51 24.08333397 17 17 24.08333397 51 
0 51 24.08333397 17 17 24.08333397 51 
0 51 24.08333397 17 17 24.08333397 51 
0 51 24.08333397 17 17 24.08333397 51 
0 51 24.08333397 17 17 24.08333397 51 
0 51 24.08333397 17 17 24.08333397 51 
0 51 24.08333397 17 17 24.08333397 51 
0 51 24.08333397 17 17 24.08333397 51 
0 51 24.08333397 17 17 24.08333397 51 
0 51 24.08333397 17 17 24.08333397 51 
0 51 24.08333397 17 24.08333397 51 
0 51 24.08333397 17 51 
0 51 24.08333397 17 17 51 
0 51 24.08333397 17 17 51 
0 51 24.08333397 17 17 51 
0 51 24.08333397 17 17 51 
0 51 24.08333397 17 17 51 
0 51 24.08333397 17 17 51 
0 51 24.08333397 17 17 51 
0 51 24.08333397 17 17 51 
0 51 24.08333397 17 17 51 
0 51 24.08333397 17 17 51 
0 51 24.08333397 17 17 51 
0 51 24.08333397 17 17 51 
0 51 24.08333397 17 17 51 
0 51 24.08333397 17 17 51 
0 51 24.08333397 17 17 51 
0 51 24.08333397 17 17 51 
0 51 24.08333397 17 17 51 
0 51 24.08333397 17 17 51 
0 51 24.08333397 17 17 51 
0 51 24.08333397 17 17 51 
0 51 24.08333397 17 17 51 
0 51 24.08333397 17 17 51 
0 51 24.08333397 17 51 
0 51 17 24.08333397 51 
0 51 17 17 24.08333397 51 
0 51 17 17 24.08333397 51 
0 51 17 17 24.08333397 51 
0 51 17 17 24.08333397 51 
0 51 17 17 24.08333397 51 
0 51 17 17 24.08333397 51 
0 51 17 17 24.08333397 51 
0 51 17 17 24.08333397 51 
0 51 17 17 24.08333397 51 
0 51 17 17 24.08333397 51 
0 51 17 17 24.08333397 51 
0 51 17 17 24.08333397 51 
0 51 17 17 24.08333397 51 
0 51 17 17 24.08333397 51 
0 51 17 17 24.08333397 51 
0 51 17 17 24.08333397 51 
0 51 17 17 24.08333397 51 
0 51 17 17 24.08333397 51 
0 51 17 17 24.08333397 51 
0 51 17 17 24.08333397 51 
0 51 17 17 24.08333397 51 
0 51 17 17 24.08333397 51 
0 51 17 24.08333397 51 
0 51 24.08333397 17 24.08333397 51 
0 51 24.08333397 17 17 24.08333397 51 
0 51 24.08333397 17 17 24.08333397 51 
0 51 24.08333397 17 17 24.08333397 51 
0 51 24.08333397 17 17 24.08333397 51 
0 51 24.08333397 17 17 24.08333397 51 
0 51 24.08333397 17 17 24.08333397 51 
0 51 24.08333397 17 17 24.08333397 51 
0 51 24.08333397 17 17 24.08333397 51 
0 51 24.08333397 17 17 24.08333397 51 
0 51 24.08333397 17 17 24.08333397 51 
0 51 24.08333397 17 17 24.08333397 51 
0 51 24.08333397 17 17 24.08333397 51 
0 51 24.08333397 17 17 24.08333397 51 
0 51 24.08333397 17 17 24.08333397 51 
0 51 24.08333397 17 17 24.08333397 51 
0 51 24.08333397 17 17 24.08333397 51 
0 51 24.08333397 17 17 24.08333397 51 
0 51 24.08333397 17 17 24.08333397 51 
0 51 24.08333397 17 17 24.08333397 51 
0 51 24.08333397 17 17 24.08333397 51 
0 51 24.08333397 17 17 24.08333397 51 
0 51 24.08333397 17 17 24.08333397 51 
0 51 24.08333397 17 24.08333397 51 
0 51 24.08333397 17 24.08333397 51 
0 51 24.08333397 17 17 24.08333397 51 
0 51 24.08333397 17 17 24.08333397 51 
0 51 24.08333397 17 17 24.08333397 51 
0 51 24.08333397 17 17 24.08333397 51 
0 51 24.08333397 17 17 24.08333397 51 
0 51 24.08333397 17 17 24.08333397 51 
0 51 24.08333397 17 17 24.08333397 51 
0 51 24.08333397 17 17 24.08333397 51 
0 51 24.08333397 17 17 24.08333397 51 
0 51 24.08333397 17 17 24.08333397 51 
0 51 24.08333397 17 17 24.08333397 51 
0 51 24.08333397 17 17 24.08333397 51 
0 51 24.08333397 17 17 24.08333397 51 
0 51 24.08333397 17 17 24.08333397 51 
0 51 24.08333397 17 17 24.08333397 51 
0 51 24.08333397 17 17 24.08333397 51 
0 51 24.08333397 17 17 24.08333397 51 
0 51 24.08333397 17 17 24.08333397 51 
0 51 24.08333397 17 17 24.08333397 51 
0 51 24.08333397 17 17 24.08333397 51 
0 51 24.08333397 17 17 24.08333397 51 
0 51 24.08333397 17 17 24.08333397 51 
0 51 24.08333397 17 24.08333397 51 
0 51 24.08333397 17 24.08333397 51 
0 51 24.08333397 17 17 24.08333397 51 
0 51 24.08333397 17 17 24.08333397 51 
0 51 24.08333397 17 17 24.08333397 51 
0 51 24.08333397 17 17 24.08333397 51 
0 51 24.08333397 17 17 24.08333397 51 
0 51 24.08333397 17 17 24.08333397 51 
0 51 24.08333397 17 17 24.08333397 51 
0 51 24.08333397 17 17 24.08333397 51 
0 51 24.08333397 17 17 24.08333397 51 
0 51 24.08333397 17 17 24.08333397 51 
0 51 24.08333397 17 17 24.08333397 51 
0 51 24.08333397 17 17 24.08333397 51 
0 51 24.08333397 17 17 24.08333397 51 
0 51 24.08333397 17 17 24.08333397 51 
0 51 24.08333397 17 17 24.08333397 51 
0 51 24.08333397 17 17 24.08333397 51 
0 51 24.08333397 17 17 24.08333397 51 
0 51 24.08333397 17 17 24.08333397 51 
0 51 24.08333397 17 17 24.08333397 51 
0 51 24.08333397 17 17 24.08333397 51 
0 51 24.08333397 17 17 24.08333397 51 
0 51 24.08333397 17 17 24.08333397 51 
0 51 24.08333397 17 24.08333397 51 
0 51 24.08333397 17 24.08333397 51 
0 51 24.08333397 17 17 24.08333397 51 
0 51 24.08333397 17 17 24.08333397 51 
0 51 24.08333397 17 17 24.08333397 51 
0 51 24.08333397 17 17 24.08333397 51 
0 51 24.08333397 17 17 24.08333397 51 
0 51 24.08333397 17 17 24.08333397 51 
0 51 24.08333397 17 17 24.08333397 51 
0 51 24.08333397 17 17 24.08333397 51 
0 51 24.08333397 17 17 24.08333397 51 
0 51 24.08333397 17 17 24.08333397 51 
0 51 24.08333397 17 17 24.08333397 51 
0 51 24.08333397 17 17 24.08333397 51 
0 51 24.08333397 17 17 24.08333397 51 
0 51 24.08333397 17 17 24.08333397 51 
0 51 24.08333397 17 17 24.08333397 51 
0 51 24.08333397 17 17 24.08333397 51 
0 51 24.08333397 17 17 24.08333397 51 
0 51 24.08333397 17 17 24.08333397 51 
0 51 24.08333397 17 17 24.08333397 51 
0 51 24.08333397 17 17 24.08333397 51 
0 51 24.08333397 17 17 24.08333397 51 
0 51 24.08333397 17 17 24.08333397 51 
0 51 24.08333397 17 24.08333397 51 
0 51 24.08333397 17 24.08333397 51 
0 51 24.08333397 17 17 24.08333397 51 
0 51 24.08333397 17 17 24.08333397 51 
0 51 24.08333397 17 17 24.08333397 51 
0 51 24.08333397 17 17 24.08333397 51 
0 51 24.08333397 17 17 24.08333397 51 
0 51 24.08333397 17 17 24.08333397 51 
0 51 24.08333397 17 17 24.08333397 51 
0 51 24.08333397 17 17 24.08333397 51 
0 51 24.08333397 17 17 24.08333397 51 
0 51 24.08333397 17 17 24.08333397 51 
0 51 24.08333397 17 17 24.08333397 51 
0 51 24.08333397 17 17 24.08333397 51 
0 51 24.08333397 17 17 24.08333397 51 
0 51 24.08333397 17 17 24.08333397 51 
0 51 24.08333397 17 17 24.08333397 51 
0 51 24.08333397 17 17 24.08333397 51 
0 51 24.08333397 17 17 24.08333397 51 
0 51 24.08333397 17 17 24.08333397 51 
0 51 24.08333397 17 17 24.08333397 51 
0 51 24.08333397 17 17 24.08333397 51 
0 51 24.08333397 17 17 24.08333397 51 
0 51 24.08333397 17 17 24.08333397 51 
0 51 24.08333397 17 24.08333397 51 
0 51 24.08333397 17 24.08333397 51 
0 51 24.08333397 17 17 24.08333397 51 
0 51 24.08333397 17 17 24.08333397 51 
0 51 24.08333397 17 17 24.08333397 51 
0 51 24.08333397 17 17 24.08333397 51 
0 51 24.08333397 17 17 24.08333397 51 
0 51 24.08333397 17 17 24.08333397 51 
0 51 24.08333397 17 17 24.08333397 51 
0 51 24.08333397 17 17 12.04166698 12.04166698 51 
0 51 24.08333397 17 17 12.04166698 12.04166698 51 
0 51 24.08333397 17 17 12.04166698 12.04166698 51 
0 51 24.08333397 17 17 24.08333397 51 
0 51 24.08333397 17 17 24.08333397 51 
0 51 24.08333397 17 17 24.08333397 51 
0 51 24.08333397 17 17 24.08333397 51 
0 51 24.08333397 17 17 24.08333397 51 
0 51 24.08333397 17 17 24.08333397 51 
0 51 24.08333397 17 17 24.08333397 51 
0 51 24.08333397 17 17 24.08333397 51 
0 51 24.08333397 17 17 24.08333397 51 
0 51 24.08333397 17 17 24.08333397 51 
0 51 24.08333397 17 17 24.08333397 51 
0 51 24.08333397 17 17 24.08333397 51 
0 51 24.08333397 17 24.08333397 51 
0 51 24.08333397 17 24.08333397 51 
0 51 24.08333397 17 17 24.08333397 51 
0 51 24.08333397 17 17 24.08333397 51 
0 51 24.08333397 17 17 24.08333397 51 
0 51 24.08333397 17 17 24.08333397 51 
0 51 24.08333397 17 17 24.08333397 51 
0 51 24.08333397 17 17 24.08333397 51 
0 51 24.08333397 17 8.5 8.5 12.04166698 12.04166698 51 
0 12.75 12.04166698 8.5 8.5 12.04166698 12.75 
0 12.75 12.04166698 8.5 12.04166698 8.5 12.75 
0 12.75 8.5 12.04166698 8.5 6.020833492 6.020833492 12.75 
0 12.75 12.04166698 8.5 8.5 6.020833492 6.020833492 12.75 
0 12.75 12.04166698 8.5 8.5 12.04166698 12.75 
0 12.75 12.04166698 8.5 12.04166698 8.5 12.75 
0 12.75 8.5 12.04166698 8.5 6.020833492 6.020833492 12.75 
0 12.75 12.04166698 8.5 8.5 6.020833492 6.020833492 12.75 
0 12.75 12.04166698 8.5 8.5 12.04166698 12.75 
0 12.75 12.04166698 8.5 12.04166698 8.5 12.75 
0 12.75 8.5 12.04166698 8.5 6.020833492 6.020833492 12.75 
0 12.75 12.04166698 8.5 8.5 12.04166698 12.75 
0 51 24.08333397 8.5 8.5 17 12.04166698 12.04166698 51 
0 51 24.08333397 17 17 12.04166698 12.04166698 51 
0 51 24.08333397 17 17 12.04166698 12.04166698 51 
0 51 24.08333397 17 17 12.04166698 12.04166698 51 
0 51 24.08333397 17 17 12.04166698 12.04166698 51 
0 51 24.08333397 17 17 12.04166698 12.04166698 51 
0 51 24.08333397 17 17 24.08333397 51 
0 51 24.08333397 17 17 24.08333397 51 
0 51 24.08333397 17 17 24.08333397 51 
0 51 24.08333397 17 17 24.08333397 51 
0 51 24.08333397 17 17 24.08333397 51 
0 51 24.08333397 17 17 24.08333397 51 
0 51 24.08333397 17 24.08333397 51 
0 51 24.08333397 17 24.08333397 51 
0 51 24.08333397 17 17 24.08333397 51 
0 51 24.08333397 17 17 24.08333397 51 
0 51 24.08333397 17 17 24.08333397 51 
0 51 24.08333397 17 17 24.08333397 51 
0 51 24.08333397 17 17 24.08333397 51 
0 51 24.08333397 17 8.5 8.5 24.08333397 51 
0 12.75 12.04166698 8.5 8.5 12.04166698 12.75 
0 12.75 12.04166698 8.5 12.04166698 4.25 4.25 12.75 
0 12.75 8.5 12.04166698 8.5 12.04166698 12.75 
0 12.75 12.04166698 8.5 8.5 12.04166698 12.75 
0 3.1875 6.020833492 4.25 4.25 6.020833492 3.1875 
0 3.1875 6.020833492 4.25 6.020833492 4.25 3.1875 
0 3.1875 4.25 6.020833492 4.25 6.020833492 3.1875 
0 3.1875 6.020833492 4.25 4.25 6.020833492 3.1875 
0 3.1875 6.020833492 4.25 4.25 6.020833492 3.1875 
0 3.1875 6.020833492 4.25 6.020833492 4.25 3.1875 
0 3.1875 4.25 6.020833492 4.25 6.020833492 3.1875 
0 3.1875 6.020833492 4.25 6.020833492 4.25 3.1875 
0 12.75 8.5 6.020833492 6.020833492 4.25 4.25 12.04166698 12.75 
0 3.1875 6.020833492 4.25 4.25 6.020833492 3.1875 
0 3.1875 6.020833492 4.25 6.020833492 4.25 3.1875 
0 3.1875 4.25 6.020833492 4.25 6.020833492 3.1875 
0 3.1875 6.020833492 4.25 4.25 6.020833492 3.1875 
0 3.1875 6.020833492 4.25 4.25 6.020833492 3.1875 
0 3.1875 6.020833492 4.25 6.020833492 4.25 3.1875 
0 3.1875 4.25 6.020833492 4.25 6.020833492 3.1875 
0 3.1875 6.020833492 4.25 4.25 6.020833492 3.1875 
0 3.1875 6.020833492 4.25 4.25 6.020833492 3.1875 
0 3.1875 6.020833492 4.25 6.020833492 4.25 3.1875 
0 3.1875 4.25 6.020833492 4.25 6.020833492 3.1875 
0 3.1875 6.020833492 4.25 6.020833492 4.25 3.1875 
0 3.1875 4.25 6.020833492 4.25 6.020833492 3.1875 
0 3.1875 6.020833492 4.25 6.020833492 4.25 3.1875 
0 3.1875 4.25 6.020833492 4.25 6.020833492 3.1875 
0 3.1875 6.020833492 4.25 4.25 6.020833492 3.1875 
0 3.1875 6.020833492 4.25 4.25 6.020833492 3.1875 
0 3.1875 6.020833492 4.25 6.020833492 4.25 3.1875 
0 3.1875 4.25 6.020833492 4.25 6.020833492 3.1875 
0 3.1875 6.020833492 4.25 4.25 6.020833492 3.1875 
0 3.1875 6.020833492 4.25 4.25 6.020833492 3.1875 
0 3.1875 6.020833492 4.25 6.020833492 4.25 3.1875 
0 3.1875 4.25 6.020833492 4.25 6.020833492 3.1875 
0 3.1875 6.020833492 4.25 4.25 6.020833492 3.1875 
0 12.75 12.04166698 4.25 4.25 6.020833492 6.020833492 8.5 12.75 
0 3.1875 4.25 6.020833492 4.25 6.020833492 3.1875 
0 3.1875 6.020833492 4.25 6.020833492 4.25 3.1875 
0 3.1875 4.25 6.020833492 4.25 6.020833492 3.1875 
0 3.1875 6.020833492 4.25 4.25 6.020833492 3.1875 
0 3.1875 6.020833492 4.25 4.25 6.020833492 3.1875 
0 3.1875 6.020833492 4.25 6.020833492 4.25 3.1875 
0 3.1875 4.25 6.020833492 4.25 6.020833492 3.1875 
0 3.1875 6.020833492 4.25 4.25 6.020833492 3.1875 
0 12.75 12.04166698 8.5 8.5 6.020833492 6.020833492 12.75 
0 12.75 12.04166698 8.5 6.020833492 6.020833492 8.5 12.75 
0 3.1875 4.25 6.020833492 4.25 6.020833492 3.1875 
0 3.1875 6.020833492 4.25 6.020833492 4.25 3.1875 
0 3.1875 4.25 6.020833492 4.25 6.020833492 3.1875 
0 3.1875 6.020833492 4.25 4.25 6.020833492 3.1875 
0 3.1875 6.020833492 4.25 4.25 6.020833492 3.1875 
0 3.1875 6.020833492 4.25 6.020833492 4.25 3.1875 
0 3.1875 4.25 6.020833492 4.25 6.020833492 3.1875 
0 3.1875 6.020833492 4.25 4.25 6.020833492 3.1875 
0 12.75 12.04166698 8.5 8.5 6.020833492 6.020833492 12.75 
0 12.75 12.04166698 8.5 6.020833492 6.020833492 8.5 12.75 
0 3.1875 4.25 6.020833492 4.25 6.020833492 3.1875 
0 3.1875 6.020833492 4.25 6.020833492 4.25 3.1875 
0 3.1875 4.25 6.020833492 4.25 6.020833492 3.1875 
0 3.1875 6.020833492 4.25 4.25 6.020833492 3.1875 
0 3.1875 6.020833492 4.25 4.25 6.020833492 3.1875 
0 3.1875 6.020833492 4.25 6.020833492 4.25 3.1875 
0 3.1875 4.25 6.020833492 4.25 6.020833492 3.1875 
0 3.1875 6.020833492 4.25 4.25 6.020833492 3.1875 
0 12.75 12.04166698 8.5 8.5 6.020833492 6.020833492 12.75 
0 12.75 12.04166698 8.5 6.020833492 6.020833492 8.5 12.75 
0 3.1875 4.25 6.020833492 4.25 6.020833492 3.1875 
0 3.1875 6.020833492 4.25 6.020833492 4.25 3.1875 
0 3.1875 4.25 6.020833492 4.25 6.020833492 3.1875 
0 3.1875 6.020833492 4.25 4.25 6.020833492 3.1875 
0 3.1875 6.020833492 4.25 4.25 6.020833492 3.1875 
0 3.1875 6.020833492 4.25 6.020833492 4.25 3.1875 
0 3.1875 4.25 6.020833492 4.25 6.020833492 3.1875 
0 3.1875 6.020833492 4.25 4.25 6.020833492 3.1875 
0 12.75 12.04166698 8.5 8.5 6.020833492 6.020833492 12.75 
0 12.75 12.04166698 8.5 6.020833492 6.020833492 8.5 12.75 
0 3.1875 4.25 6.020833492 4.25 6.020833492 3.1875 
0 3.1875 6.020833492 4.25 6.020833492 4.25 3.1875 
0 3.1875 4.25 6.020833492 4.25 6.020833492 3.1875 
0 3.1875 6.020833492 4.25 4.25 6.020833492 3.1875 
0 3.1875 6.020833492 4.25 4.25 6.020833492 3.1875 
0 3.1875 6.020833492 4.25 6.020833492 4.25 3.1875 
0 3.1875 4.25 6.020833492 4.25 6.020833492 3.1875 
0 3.1875 6.020833492 4.25 4.25 6.020833492 3.1875 
0 12.75 12.04166698 8.5 8.5 6.020833492 6.020833492 12.75 
0 12.75 12.04166698 8.5 6.020833492 6.020833492 8.5 12.75 
0 3.1875 4.25 6.020833492 4.25 6.020833492 3.1875 
0 3.1875 6.020833492 4.25 6.020833492 4.25 3.1875 
0 3.1875 4.25 6.020833492 4.25 6.020833492 3.1875 
0 3.1875 6.020833492 4.25 4.25 6.020833492 3.1875 
0 3.1875 6.020833492 4.25 4.25 6.020833492 3.1875 
0 3.1875 6.020833492 4.25 6.020833492 4.25 3.1875 
0 3.1875 4.25 6.020833492 4.25 6.020833492 3.1875 
0 3.1875 6.020833492 4.25 4.25 6.020833492 3.1875 
0 12.75 12.04166698 8.5 8.5 6.020833492 6.020833492 12.75 
0 12.75 12.04166698 8.5 12.04166698 8.5 12.75 
0 3.1875 4.25 6.020833492 4.25 6.020833492 3.1875 
0 3.1875 6.020833492 4.25 6.020833492 4.25 3.1875 
0 3.1875 4.25 6.020833492 4.25 6.020833492 3.1875 
0 3.1875 6.020833492 4.25 4.25 6.020833492 3.1875 
0 12.75 12.04166698 4.25 4.25 8.5 12.04166698 12.75 
0 51 24.08333397 8.5 8.5 17 24.08333397 51 
0 51 24.08333397 17 17 24.08333397 51 
0 51 24.08333397 17 17 24.08333397 51 
0 51 24.08333397 17 17 24.08333397 51 
0 51 24.08333397 17 17 24.08333397 51 
0 51 24.08333397 17 17 24.08333397 51 
0 51 24.08333397 17 24.08333397 51 
0 51 24.08333397 17 24.08333397 51 
0 51 24.08333397 17 17 24.08333397 51 
0 51 24.08333397 17 17 24.08333397 51 
0 51 24.08333397 17 17 24.08333397 51 
0 51 24.08333397 17 17 24.08333397 51 
0 51 24.08333397 17 17 24.08333397 51 
0 51 24.08333397 17 17 24.08333397 51 
0 51 12.04166698 12.04166698 17 8.5 8.5 24.08333397 51 
0 12.75 12.04166698 8.5 8.5 12.04166698 12.75 
0 12.75 6.020833492 6.020833492 8.5 12.04166698 8.5 12.75 
0 12.75 8.5 12.04166698 8.5 12.04166698 12.75 
0 12.75 12.04166698 8.5 8.5 12.04166698 12.75 
0 12.75 6.020833492 6.020833492 8.5 8.5 12.04166698 12.75 
0 12.75 6.020833492 6.020833492 8.5 12.04166698 8.5 12.75 
0 12.75 8.5 12.04166698 8.5 12.04166698 12.75 
0 12.75 12.04166698 8.5 8.5 12.04166698 12.75 
0 12.75 6.020833492 6.020833492 8.5 4.25 4.25 12.04166698 12.75 
0 3.1875 6.020833492 4.25 4.25 6.020833492 3.1875 
0 3.1875 6.020833492 4.25 6.020833492 4.25 3.1875 
0 3.1875 4.25 6.020833492 4.25 6.020833492 3.1875 
0 3.1875 6.020833492 4.25 6.020833492 4.25 3.1875 
0 12.75 8.5 12.04166698 8.5 12.04166698 12.75 
0 12.75 6.020833492 6.020833492 8.5 8.5 12.04166698 12.75 
0 3.1875 6.020833492 4.25 4.25 6.020833492 3.1875 
0 3.1875 6.020833492 4.25 6.020833492 4.25 3.1875 
0 3.1875 4.25 6.020833492 4.25 6.020833492 3.1875 
0 3.1875 6.020833492 4.25 4.25 6.020833492 3.1875 
0 3.1875 6.020833492 4.25 4.25 6.020833492 3.1875 
0 3.1875 6.020833492 4.25 6.020833492 4.25 3.1875 
0 3.1875 4.25 6.020833492 4.25 6.020833492 3.1875 
0 3.1875 6.020833492 4.25 6.020833492 4.25 3.1875 
0 12.75 8.5 6.020833492 6.020833492 8.5 12.04166698 12.75 
0 12.75 6.020833492 6.020833492 8.5 4.25 4.25 12.04166698 12.75 
0 3.1875 6.020833492 4.25 4.25 6.020833492 3.1875 
0 3.1875 6.020833492 4.25 6.020833492 4.25 3.1875 
0 3.1875 4.25 6.020833492 4.25 6.020833492 3.1875 
0 3.1875 6.020833492 4.25 4.25 6.020833492 3.1875 
0 3.1875 6.020833492 4.25 4.25 6.020833492 3.1875 
0 3.1875 6.020833492 4.25 6.020833492 4.25 3.1875 
0 3.1875 4.25 6.020833492 4.25 6.020833492 3.1875 
0 3.1875 6.020833492 4.25 6.020833492 4.25 3.1875 
0 3.1875 4.25 6.020833492 4.25 6.020833492 3.1875 
0 3.1875 6.020833492 4.25 6.020833492 4.25 3.1875 
0 3.1875 4.25 6.020833492 4.25 6.020833492 3.1875 
0 3.1875 6.020833492 4.25 4.25 6.020833492 3.1875 
0 3.1875 6.020833492 4.25 4.25 6.020833492 3.1875 
0 3.1875 6.020833492 4.25 6.020833492 4.25 3.1875 
0 3.1875 4.25 6.020833492 4.25 6.020833492 3.1875 
0 3.1875 6.020833492 4.25 4.25 6.020833492 3.1875 
0 3.1875 6.020833492 4.25 4.25 6.020833492 3.1875 
0 3.1875 6.020833492 4.25 6.020833492 4.25 3.1875 
0 3.1875 4.25 6.020833492 4.25 6.020833492 3.1875 
0 3.1875 6.020833492 4.25 4.25 6.020833492 3.1875 
0 3.1875 6.020833492 4.25 4.25 6.020833492 3.1875 
0 3.1875 6.020833492 4.25 6.020833492 4.25 3.1875 
0 3.1875 4.25 6.020833492 4.25 6.020833492 3.1875 
0 3.1875 6.020833492 4.25 6.020833492 4.25 3.1875 
0 3.1875 4.25 6.020833492 4.25 6.020833492 3.1875 
0 3.1875 6.020833492 4.25 6.020833492 4.25 3.1875 
0 3.1875 4.25 6.020833492 4.25 6.020833492 3.1875 
0 3.1875 6.020833492 4.25 4.25 6.020833492 3.1875 
0 3.1875 6.020833492 4.25 4.25 6.020833492 3.1875 
0 3.1875 6.020833492 4.25 6.020833492 4.25 3.1875 
0 3.1875 4.25 6.020833492 4.25 6.020833492 3.1875 
0 3.1875 6.020833492 4.25 4.25 6.020833492 3.1875 
0 3.1875 6.020833492 4.25 4.25 6.020833492 3.1875 
0 3.1875 6.020833492 4.25 6.020833492 4.25 3.1875 
0 3.1875 4.25 6.020833492 4.25 6.020833492 3.1875 
0 3.1875 6.020833492 4.25 4.25 6.020833492 3.1875 
0 3.1875 6.020833492 4.25 4.25 6.020833492 3.1875 
0 3.1875 6.020833492 4.25 6.020833492 4.25 3.1875 
0 3.1875 4.25 6.020833492 4.25 6.020833492 3.1875 
0 3.1875 6.020833492 4.25 6.020833492 4.25 3.1875 
0 3.1875 4.25 6.020833492 4.25 6.020833492 3.1875 
0 3.1875 6.020833492 4.25 6.020833492 4.25 3.1875 
0 3.1875 4.25 6.020833492 4.25 6.020833492 3.1875 
0 3.1875 6.020833492 4.25 4.25 6.020833492 3.1875 
0 3.1875 6.020833492 4.25 4.25 6.020833492 3.1875 
0 3.1875 6.020833492 4.25 6.020833492 4.25 3.1875 
0 3.1875 4.25 6.020833492 4.25 6.020833492 3.1875 
0 3.1875 6.020833492 4.25 4.25 6.020833492 3.1875 
0 3.1875 6.020833492 4.25 4.25 6.020833492 3.1875 
0 3.1875 6.020833492 4.25 6.020833492 4.25 3.1875 
0 3.1875 4.25 6.020833492 4.25 6.020833492 3.1875 
0 3.1875 6.020833492 4.25 4.25 6.020833492 3.1875 
0 3.1875 6.020833492 4.25 4.25 6.020833492 3.1875 
0 3.1875 6.020833492 4.25 6.020833492 4.25 3.1875 
0 3.1875 4.25 6.020833492 4.25 6.020833492 3.1875 
0 3.1875 6.020833492 4.25 6.020833492 4.25 3.1875 
0 3.1875 4.25 6.020833492 4.25 6.020833492 3.1875 
0 3.1875 6.020833492 4.25 6.020833492 4.25 3.1875 
0 3.1875 4.25 6.020833492 4.25 6.020833492 3.1875 
0 3.1875 6.020833492 4.25 4.25 6.020833492 3.1875 
0 3.1875 6.020833492 4.25 4.25 6.020833492 3.1875 
0 3.1875 6.020833492 4.25 6.020833492 4.25 3.1875 
0 3.1875 4.25 6.020833492 4.25 6.020833492 3.1875 
0 3.1875 6.020833492 4.25 4.25 6.020833492 3.1875 
0 3.1875 6.020833492 4.25 4.25 6.020833492 3.1875 
0 3.1875 6.020833492 4.25 6.020833492 4.25 3.1875 
0 3.1875 4.25 6.020833492 4.25 6.020833492 3.1875 
0 3.1875 6.020833492 4.25 4.25 6.020833492 3.1875 
0 12.75 12.04166698 4.25 4.25 12.04166698 8.5 12.75 
0 12.75 4.25 4.25 6.020833492 6.020833492 8.5 12.04166698 12.75 
0 12.75 12.04166698 8.5 8.5 12.04166698 12.75 
0 51 24.08333397 8.5 8.5 17 24.08333397 51 
0 51 24.08333397 17 17 24.08333397 51 
0 51 24.08333397 17 17 24.08333397 51 
0 51 24.08333397 17 17 24.08333397 51 
0 51 24.08333397 17 17 24.08333397 51 
0 51 24.08333397 17 17 24.08333397 51 
0 51 24.08333397 17 24.08333397 51 
0 51 24.08333397 17 24.08333397 51 
0 51 24.08333397 17 17 24.08333397 51 
0 51 24.08333397 17 17 24.08333397 51 
0 51 24.08333397 17 17 24.08333397 51 
0 51 24.08333397 17 17 24.08333397 51 
0 51 24.08333397 17 17 24.08333397 51 
0 51 24.08333397 17 17 24.08333397 51 
0 51 24.08333397 17 17 24.08333397 51 
0 51 12.04166698 12.04166698 17 17 24.08333397 51 
0 51 12.04166698 12.04166698 17 17 24.08333397 51 
0 51 12.04166698 12.04166698 17 17 24.08333397 51 
0 51 12.04166698 12.04166698 17 8.5 8.5 24.08333397 51 
0 12.75 6.020833492 6.020833492 8.5 8.5 12.04166698 12.75 
0 12.75 6.020833492 6.020833492 8.5 12.04166698 8.5 12.75 
0 12.75 8.5 12.04166698 8.5 12.04166698 12.75 
0 12.75 12.04166698 8.5 8.5 12.04166698 12.75 
0 12.75 6.020833492 6.020833492 8.5 8.5 12.04166698 12.75 
0 12.75 6.020833492 6.020833492 8.5 12.04166698 4.25 4.25 12.75 
0 12.75 8.5 12.04166698 8.5 12.04166698 12.75 
0 12.75 12.04166698 8.5 8.5 12.04166698 12.75 
0 3.1875 6.020833492 4.25 4.25 6.020833492 3.1875 
0 3.1875 6.020833492 4.25 6.020833492 4.25 3.1875 
0 3.1875 4.25 6.020833492 4.25 6.020833492 3.1875 
0 3.1875 6.020833492 4.25 4.25 6.020833492 3.1875 
0 3.1875 6.020833492 4.25 4.25 6.020833492 3.1875 
0 3.1875 6.020833492 4.25 6.020833492 4.25 3.1875 
0 3.1875 4.25 6.020833492 4.25 6.020833492 3.1875 
0 3.1875 6.020833492 4.25 6.020833492 4.25 3.1875 
0 12.75 8.5 6.020833492 6.020833492 8.5 12.04166698 12.75 
0 12.75 6.020833492 6.020833492 8.5 8.5 12.04166698 12.75 
0 3.1875 6.020833492 4.25 4.25 6.020833492 3.1875 
0 3.1875 6.020833492 4.25 6.020833492 4.25 3.1875 
0 3.1875 4.25 6.020833492 4.25 6.020833492 3.1875 
0 3.1875 6.020833492 4.25 4.25 6.020833492 3.1875 
0 3.1875 6.020833492 4.25 4.25 6.020833492 3.1875 
0 3.1875 6.020833492 4.25 6.020833492 4.25 3.1875 
0 3.1875 4.25 6.020833492 4.25 6.020833492 3.1875 
0 3.1875 6.020833492 4.25 6.020833492 4.25 3.1875 
0 12.75 8.5 6.020833492 6.020833492 8.5 12.04166698 12.75 
0 12.75 6.020833492 6.020833492 8.5 8.5 12.04166698 12.75 
0 12.75 12.04166698 4.25 4.25 8.5 12.04166698 12.75 
0 12.75 12.04166698 8.5 12.04166698 8.5 12.75 
0 12.75 8.5 12.04166698 8.5 12.04166698 12.75 
0 12.75 12.04166698 8.5 8.5 12.04166698 12.75 
0 51 24.08333397 8.5 8.5 17 24.08333397 51 
0 51 24.08333397 17 17 24.08333397 51 
0 51 24.08333397 17 17 24.08333397 51 
0 51 24.08333397 17 17 24.08333397 51 
0 51 24.08333397 17 17 24.08333397 51 
0 51 24.08333397 17 17 24.08333397 51 
0 51 24.08333397 17 24.08333397 51 
0 51 24.08333397 17 24.08333397 51 
0 51 24.08333397 17 17 24.08333397 51 
0 51 24.08333397 17 17 24.08333397 51 
0 51 24.08333397 17 17 24.08333397 51 
0 51 24.08333397 17 17 24.08333397 51 
0 51 24.08333397 17 17 24.08333397 51 
0 51 24.08333397 17 17 24.08333397 51 
0 51 24.08333397 17 17 24.08333397 51 
0 51 24.08333397 17 17 24.08333397 51 
0 51 24.08333397 17 17 24.08333397 51 
0 51 24.08333397 17 17 24.08333397 51 
0 51 24.08333397 17 17 24.08333397 51 
0 51 12.04166698 12.04166698 17 17 24.08333397 51 
0 51 12.04166698 12.04166698 17 17 24.08333397 51 
0 51 12.04166698 12.04166698 17 17 24.08333397 51 
0 51 12.04166698 12.04166698 17 17 24.08333397 51 
0 51 12.04166698 12.04166698 17 17 24.08333397 51 
0 51 24.08333397 17 17 24.08333397 51 
0 51 24.08333397 17 17 24.08333397 51 
0 51 24.08333397 17 17 24.08333397 51 
0 51 24.08333397 17 17 24.08333397 51 
0 51 24.08333397 17 17 24.08333397 51 
0 51 24.08333397 17 17 24.08333397 51 
0 51 24.08333397 17 24.08333397 51 
0 51 24.08333397 17 24.08333397 51 
0 51 24.08333397 17 17 24.08333397 51 
0 51 24.08333397 17 17 24.08333397 51 
0 51 24.08333397 17 17 24.08333397 51 
0 51 24.08333397 17 17 24.08333397 51 
0 51 24.08333397 17 17 24.08333397 51 
0 51 24.08333397 17 17 24.08333397 51 
0 51 24.08333397 17 17 24.08333397 51 
0 51 24.08333397 17 17 24.08333397 51 
0 51 24.08333397 17 17 24.08333397 51 
0 51 24.08333397 17 17 24.08333397 51 
0 51 24.08333397 17 17 24.08333397 51 
0 51 24.08333397 17 17 24.08333397 51 
0 51 24.08333397 17 17 24.08333397 51 
0 51 24.08333397 17 17 24.08333397 51 
0 51 24.08333397 17 17 24.08333397 51 
0 51 24.08333397 17 17 24.08333397 51 
0 51 24.08333397 17 17 24.08333397 51 
0 51 24.08333397 17 17 24.08333397 51 
0 51 24.08333397 17 17 24.08333397 51 
0 51 24.08333397 17 17 24.08333397 51 
0 51 24.08333397 17 17 24.08333397 51 
0 51 24.08333397 17 17 24.08333397 51 
0 51 24.08333397 17 24.08333397 51 
0 51 24.08333397 17 24.08333397 51 
0 51 24.08333397 17 17 24.08333397 51 
0 51 24.08333397 17 17 24.08333397 51 
0 51 24.08333397 17 17 24.08333397 51 
0 51 24.08333397 17 17 24.08333397 51 
0 51 24.08333397 17 17 24.08333397 51 
0 51 24.08333397 17 17 24.08333397 51 
0 51 24.08333397 17 17 24.08333397 51 
0 51 24.08333397 17 17 24.08333397 51 
0 51 24.08333397 17 17 24.08333397 51 
0 51 24.08333397 17 17 24.08333397 51 
0 51 24.08333397 17 17 24.08333397 51 
0 51 24.08333397 17 17 24.08333397 51 
0 51 24.08333397 17 17 24.08333397 51 
0 51 24.08333397 17 17 24.08333397 51 
0 51 24.08333397 17 17 24.08333397 51 
0 51 24.08333397 17 17 24.08333397 51 
0 51 24.08333397 17 17 24.08333397 51 
0 51 24.08333397 17 17 24.08333397 51 
0 51 24.08333397 17 17 24.08333397 51 
0 51 24.08333397 17 17 24.08333397 51 
0 51 24.08333397 17 17 24.08333397 51 
0 51 24.08333397 17 17 24.08333397 51 
0 51 24.08333397 17 24.08333397 51 
0 51 24.08333397 17 24.08333397 51 
0 51 24.08333397 17 17 24.08333397 51 
0 51 24.08333397 17 17 24.08333397 51 
0 51 24.08333397 17 17 24.08333397 51 
0 51 24.08333397 17 17 24.08333397 51 
0 51 24.08333397 17 17 24.08333397 51 
0 51 24.08333397 17 17 24.08333397 51 
0 51 24.08333397 17 17 24.08333397 51 
0 51 24.08333397 17 17 24.08333397 51 
0 51 24.08333397 17 17 24.08333397 51 
0 51 24.08333397 17 17 24.08333397 51 
0 51 24.08333397 17 17 24.08333397 51 
0 51 24.08333397 17 17 24.08333397 51 
0 51 24.08333397 17 17 24.08333397 51 
0 51 24.08333397 17 17 24.08333397 51 
0 51 24.08333397 17 17 24.08333397 51 
0 51 24.08333397 17 17 24.08333397 51 
0 51 24.08333397 17 17 24.08333397 51 
0 51 24.08333397 17 17 24.08333397 51 
0 51 24.08333397 17 17 24.08333397 51 
0 51 24.08333397 17 17 24.08333397 51 
0 51 24.08333397 17 17 24.08333397 51 
0 51 24.08333397 17 17 24.08333397 51 
0 51 24.08333397 17 24.08333397 51 
0 51 24.08333397 17 51 
0 51 24.08333397 17 17 51 
0 51 24.08333397 17 17 51 
0 51 24.08333397 17 17 51 
0 51 24.08333397 17 17 51 
0 51 24.08333397 17 17 51 
0 51 24.08333397 17 17 51 
0 51 24.08333397 17 17 51 
0 51 24.08333397 17 17 51 
0 51 24.08333397 17 17 51 
0 51 24.08333397 17 17 51 
0 51 24.08333397 17 17 51 
0 51 24.08333397 17 17 51 
0 51 24.08333397 17 17 51 
0 51 24.08333397 17 17 51 
0 51 24.08333397 17 17 51 
0 51 24.08333397 17 17 51 
0 51 24.08333397 17 17 51 
0 51 24.08333397 17 17 51 
0 51 24.08333397 17 17 51 
0 51 24.08333397 17 17 51 
0 51 24.08333397 17 17 51 
0 51 24.08333397 17 17 51 
0 51 24.08333397 17 51 
0 51 17 24.08333397 
0 51 17 17 24.08333397 
0 51 17 17 24.08333397 
0 51 17 17 24.08333397 
0 51 17 17 24.08333397 
0 51 17 17 24.08333397 
0 51 17 17 24.08333397 
0 51 17 17 24.08333397 
0 51 17 17 24.08333397 
0 51 17 17 24.08333397 
0 51 17 17 24.08333397 
0 51 17 17 24.08333397 
0 51 17 17 24.08333397 
0 51 17 17 24.08333397 
0 51 17 17 24.08333397 
0 51 17 17 24.08333397 
0 51 17 17 24.08333397 
0 51 17 17 24.08333397 
0 51 17 17 24.08333397 
0 51 17 17 24.08333397 
0 51 17 17 24.08333397 
0 51 17 17 24.08333397 
0 51 17 17 24.08333397 
0 51 17 24.08333397 
0 51 24.08333397 17 24.08333397 
0 51 24.08333397 17 17 24.08333397 
0 51 24.08333397 17 17 24.08333397 
0 51 24.08333397 17 17 24.08333397 
0 51 24.08333397 17 17 24.08333397 
0 51 24.08333397 17 17 24.08333397 
0 51 24.08333397 17 17 24.08333397 
0 51 24.08333397 17 17 24.08333397 
0 51 24.08333397 17 17 24.08333397 
0 51 24.08333397 17 17 24.08333397 
0 51 24.08333397 17 17 24.08333397 
0 51 24.08333397 17 17 24.08333397 
0 51 24.08333397 17 17 24.08333397 
0 51 24.08333397 17 17 24.08333397 
0 51 24.08333397 17 17 24.08333397 
0 51 24.08333397 17 17 24.08333397 
0 51 24.08333397 17 17 24.08333397 
0 51 24.08333397 17 17 24.08333397 
0 51 24.08333397 17 17 24.08333397 
0 51 24.08333397 17 17 24.08333397 
0 51 24.08333397 17 17 24.08333397 
0 51 24.08333397 17 17 24.08333397 
0 51 24.08333397 17 17 24.08333397 
0 51 24.08333397 17 24.08333397 
0 51 24.08333397 17 24.08333397 
0 51 24.08333397 17 17 24.08333397 
0 51 24.08333397 17 17 24.08333397 
0 51 24.08333397 17 17 24.08333397 
0 51 24.08333397 17 17 24.08333397 
0 51 24.08333397 17 17 24.08333397 
0 51 24.08333397 17 17 24.08333397 
0 51 24.08333397 17 17 24.08333397 
0 51 24.08333397 17 17 24.08333397 
0 51 24.08333397 17 17 24.08333397 
0 51 24.08333397 17 17 24.08333397 
0 51 24.08333397 17 17 24.08333397 
0 51 24.08333397 17 17 24.08333397 
0 51 24.08333397 17 17 24.08333397 
0 51 24.08333397 17 17 24.08333397 
0 51 24.08333397 17 17 24.08333397 
0 51 24.08333397 17 17 24.08333397 
0 51 24.08333397 17 17 24.08333397 
0 51 24.08333397 17 17 24.08333397 
0 51 24.08333397 17 17 24.08333397 
0 51 24.08333397 17 17 24.08333397 
0 51 24.08333397 17 17 24.08333397 
0 51 24.08333397 17 17 24.08333397 
0 51 24.08333397 17 24.08333397 
0 51 24.08333397 17 24.08333397 
0 51 24.08333397 17 17 24.08333397 
0 51 24.08333397 17 17 24.08333397 
0 51 24.08333397 17 17 24.08333397 
0 51 24.08333397 17 17 24.08333397 
0 51 24.08333397 17 17 24.08333397 
0 51 24.08333397 17 17 24.08333397 
0 51 24.08333397 17 17 24.08333397 
0 51 24.08333397 17 17 24.08333397 
0 51 24.08333397 17 17 24.08333397 
0 51 24.08333397 17 17 24.08333397 
0 51 24.08333397 17 17 24.08333397 
0 51 24.08333397 17 17 24.08333397 
0 51 24.08333397 17 17 24.08333397 
0 51 24.08333397 17 17 24.08333397 
0 51 24.08333397 17 17 24.08333397 
0 51 24.08333397 17 17 24.08333397 
0 51 24.08333397 17 17 24.08333397 
0 51 24.08333397 17 17 24.08333397 
0 51 24.08333397 17 17 24.08333397 
0 51 24.08333397 17 17 24.08333397 
0 51 24.08333397 17 17 24.08333397 
0 51 24.08333397 17 17 24.08333397 
0 51 24.08333397 17 24.08333397 
0 51 24.08333397 17 24.08333397 
0 51 24.08333397 17 17 24.08333397 
0 51 24.08333397 17 17 24.08333397 
0 51 24.08333397 17 17 24.08333397 
0 51 24.08333397 17 17 24.08333397 
0 51 24.08333397 17 17 24.08333397 
0 51 24.08333397 17 17 24.08333397 
0 51 24.08333397 17 17 24.08333397 
0 51 24.08333397 17 17 24.08333397 
0 51 24.08333397 17 17 24.08333397 
0 51 24.08333397 17 17 24.08333397 
0 51 24.08333397 17 17 24.08333397 
0 51 24.08333397 17 17 24.08333397 
0 51 24.08333397 17 17 24.08333397 
0 51 24.08333397 17 17 24.08333397 
0 51 24.08333397 17 17 24.08333397 
0 51 24.08333397 17 17 24.08333397 
0 51 24.08333397 17 17 24.08333397 
0 51 24.08333397 17 17 24.08333397 
0 51 24.08333397 17 17 24.08333397 
0 51 24.08333397 17 17 24.08333397 
0 51 24.08333397 17 17 24.08333397 
0 51 24.08333397 17 17 24.08333397 
0 51 24.08333397 17 24.08333397 
0 51 24.08333397 17 24.08333397 
0 51 24.08333397 17 17 24.08333397 
0 51 24.08333397 17 17 24.08333397 
0 51 24.08333397 17 17 24.08333397 
0 51 24.08333397 17 17 24.08333397 
0 51 24.08333397 17 17 24.08333397 
0 51 24.08333397 17 17 24.08333397 
0 51 24.08333397 17 17 24.08333397 
0 51 24.08333397 17 17 24.08333397 
0 51 24.08333397 17 17 24.08333397 
0 51 24.08333397 17 17 24.08333397 
0 51 24.08333397 17 17 24.08333397 
0 51 24.08333397 17 17 24.08333397 
0 51 24.08333397 17 17 24.08333397 
0 51 24.08333397 17 17 24.08333397 
0 51 24.08333397 17 17 24.08333397 
0 51 24.08333397 17 17 24.08333397 
0 51 24.08333397 17 17 24.08333397 
0 51 24.08333397 17 17 24.08333397 
0 51 24.08333397 17 17 24.08333397 
0 51 24.08333397 17 17 24.08333397 
0 51 24.08333397 17 17 24.08333397 
0 51 24.08333397 17 17 24.08333397 
0 51 24.08333397 17 24.08333397 
0 51 24.08333397 17 24.08333397 
0 51 24.08333397 17 17 24.08333397 
0 51 24.08333397 17 17 24.08333397 
0 51 24.08333397 17 17 24.08333397 
0 51 24.08333397 17 17 24.08333397 
0 51 24.08333397 17 17 24.08333397 
0 51 24.08333397 17 17 24.08333397 
0 51 24.08333397 17 17 24.08333397 
0 51 24.08333397 17 17 12.04166698 12.04166698 
0 51 24.08333397 17 17 12.04166698 12.04166698 
0 51 24.08333397 17 17 12.04166698 12.04166698 
0 51 24.08333397 17 17 24.08333397 
0 51 24.08333397 17 17 24.08333397 
0 51 24.08333397 17 17 24.08333397 
0 51 24.08333397 17 17 24.08333397 
0 51 24.08333397 17 17 24.08333397 
0 51 24.08333397 17 17 24.08333397 
0 51 24.08333397 17 17 24.08333397 
0 51 24.08333397 17 17 24.08333397 
0 51 24.08333397 17 17 24.08333397 
0 51 24.08333397 17 17 24.08333397 
0 51 24.08333397 17 17 24.08333397 
0 51 24.08333397 17 17 24.08333397 
0 51 24.08333397 17 24.08333397 
0 51 24.08333397 17 24.08333397 
0 51 24.08333397 17 17 24.08333397 
0 51 24.08333397 17 17 24.08333397 
0 51 24.08333397 17 17 24.08333397 
0 51 24.08333397 17 17 24.08333397 
0 51 24.08333397 17 17 24.08333397 
0 51 24.08333397 17 17 24.08333397 
0 51 24.08333397 17 8.5 8.5 12.04166698 12.04166698 
0 12.75 12.04166698 8.5 8.5 12.04166698 
0 12.75 12.04166698 8.5 12.04166698 8.5 
0 12.75 8.5 12.04166698 8.5 6.020833492 6.020833492 
0 12.75 12.04166698 8.5 8.5 6.020833492 6.020833492 
0 12.75 12.04166698 8.5 8.5 12.04166698 
0 12.75 12.04166698 8.5 12.04166698 8.5 
0 12.75 8.5 12.04166698 8.5 6.020833492 6.020833492 
0 12.75 12.04166698 8.5 8.5 6.020833492 6.020833492 
0 12.75 12.04166698 8.5 8.5 12.04166698 
0 12.75 12.04166698 8.5 12.04166698 8.5 
0 12.75 8.5 12.04166698 8.5 6.020833492 6.020833492 
0 12.75 12.04166698 8.5 8.5 12.04166698 
0 51 24.08333397 8.5 8.5 17 12.04166698 12.04166698 
0 51 24.08333397 17 17 12.04166698 12.04166698 
0 51 24.08333397 17 17 12.04166698 12.04166698 
0 51 24.08333397 17 17 12.04166698 12.04166698 
0 51 24.08333397 17 17 12.04166698 12.04166698 
0 51 24.08333397 17 17 12.04166698 12.04166698 
0 51 24.08333397 17 17 24.08333397 
0 51 24.08333397 17 17 24.08333397 
0 51 24.08333397 17 17 24.08333397 
0 51 24.08333397 17 17 24.08333397 
0 51 24.08333397 17 17 24.08333397 
0 51 24.08333397 17 17 24.08333397 
0 51 24.08333397 17 24.08333397 
0 51 24.08333397 17 24.08333397 
0 51 24.08333397 17 17 24.08333397 
0 51 24.08333397 17 17 24.08333397 
0 51 24.08333397 17 17 24.08333397 
0 51 24.08333397 17 17 24.08333397 
0 51 24.08333397 17 17 24.08333397 
0 51 24.08333397 17 8.5 8.5 24.08333397 
0 12.75 12.04166698 8.5 8.5 12.04166698 
0 12.75 12.04166698 8.5 12.04166698 4.25 4.25 
0 12.75 8.5 12.04166698 8.5 12.04166698 
0 12.75 12.04166698 8.5 8.5 12.04166698 
0 3.1875 6.020833492 4.25 4.25 6.020833492 
0 3.1875 6.020833492 4.25 6.020833492 4.25 
0 3.1875 4.25 6.020833492 4.25 6.020833492 
0 3.1875 6.020833492 4.25 4.25 6.020833492 
0 3.1875 6.020833492 4.25 4.25 6.020833492 
0 3.1875 6.020833492 4.25 6.020833492 4.25 
0 3.1875 4.25 6.020833492 4.25 6.020833492 
0 3.1875 6.020833492 4.25 6.020833492 4.25 
0 12.75 8.5 6.020833492 6.020833492 4.25 4.25 12.04166698 
0 3.1875 6.020833492 4.25 4.25 6.020833492 
0 3.1875 6.020833492 4.25 6.020833492 4.25 
0 3.1875 4.25 6.020833492 4.25 6.020833492 
0 3.1875 6.020833492 4.25 4.25 6.020833492 
0 3.1875 6.020833492 4.25 4.25 6.020833492 
0 3.1875 6.020833492 4.25 6.020833492 4.25 
0 3.1875 4.25 6.020833492 4.25 6.020833492 
0 3.1875 6.020833492 4.25 4.25 6.020833492 
0 3.1875 6.020833492 4.25 4.25 6.020833492 
0 3.1875 6.020833492 4.25 6.020833492 4.25 
0 3.1875 4.25 6.020833492 4.25 6.020833492 
0 3.1875 6.020833492 4.25 6.020833492 4.25 
0 3.1875 4.25 6.020833492 4.25 6.020833492 
0 3.1875 6.020833492 4.25 6.020833492 4.25 
0 3.1875 4.25 6.020833492 4.25 6.020833492 
0 3.1875 6.020833492 4.25 4.25 6.020833492 
0 3.1875 6.020833492 4.25 4.25 6.020833492 
0 3.1875 6.020833492 4.25 6.020833492 4.25 
0 3.1875 4.25 6.020833492 4.25 6.020833492 
0 3.1875 6.020833492 4.25 4.25 6.020833492 
0 3.1875 6.020833492 4.25 4.25 6.020833492 
0 3.1875 6.020833492 4.25 6.020833492 4.25 
0 3.1875 4.25 6.020833492 4.25 6.020833492 
0 3.1875 6.020833492 4.25 4.25 6.020833492 
0 12.75 12.04166698 4.25 4.25 6.020833492 6.020833492 8.5 
0 3.1875 4.25 6.020833492 4.25 6.020833492 
0 3.1875 6.020833492 4.25 6.020833492 4.25 
0 3.1875 4.25 6.020833492 4.25 6.020833492 
0 3.1875 6.020833492 4.25 4.25 6.020833492 
0 3.1875 6.020833492 4.25 4.25 6.020833492 
0 3.1875 6.020833492 4.25 6.020833492 4.25 
0 3.1875 4.25 6.020833492 4.25 6.020833492 
0 3.1875 6.020833492 4.25 4.25 6.020833492 
0 12.75 12.04166698 8.5 8.5 6.020833492 6.020833492 
0 12.75 12.04166698 8.5 6.020833492 6.020833492 8.5 
0 3.1875 4.25 6.020833492 4.25 6.020833492 
0 3.1875 6.020833492 4.25 6.020833492 4.25 
0 3.1875 4.25 6.020833492 4.25 6.020833492 
0 3.1875 6.020833492 4.25 4.25 6.020833492 
0 3.1875 6.020833492 4.25 4.25 6.020833492 
0 3.1875 6.020833492 4.25 6.020833492 4.25 
0 3.1875 4.25 6.020833492 4.25 6.020833492 
0 3.1875 6.020833492 4.25 4.25 6.020833492 
0 12.75 12.04166698 8.5 8.5 6.020833492 6.020833492 
0 12.75 12.04166698 8.5 6.020833492 6.020833492 8.5 
0 3.1875 4.25 6.020833492 4.25 6.020833492 
0 3.1875 6.020833492 4.25 6.020833492 4.25 
0 3.1875 4.25 6.020833492 4.25 6.020833492 
0 3.1875 6.020833492 4.25 4.25 6.020833492 
0 3.1875 6.020833492 4.25 4.25 6.020833492 
0 3.1875 6.020833492 4.25 6.020833492 4.25 
0 3.1875 4.25 6.020833492 4.25 6.020833492 
0 3.1875 6.020833492 4.25 4.25 6.020833492 
0 12.75 12.04166698 8.5 8.5 6.020833492 6.020833492 
0 12.75 12.04166698 8.5 6.020833492 6.020833492 8.5 
0 3.1875 4.25 6.020833492 4.25 6.020833492 
0 3.1875 6.020833492 4.25 6.020833492 4.25 
0 3.1875 4.25 6.020833492 4.25 6.020833492 
0 3.1875 6.020833492 4.25 4.25 6.020833492 
0 3.1875 6.020833492 4.25 4.25 6.020833492 
0 3.1875 6.020833492 4.25 6.020833492 4.25 
0 3.1875 4.25 6.020833492 4.25 6.020833492 
0 3.1875 6.020833492 4.25 4.25 6.020833492 
0 12.75 12.04166698 8.5 8.5 6.020833492 6.020833492 
0 12.75 12.04166698 8.5 6.020833492 6.020833492 8.5 
0 3.1875 4.25 6.020833492 4.25 6.020833492 
0 3.1875 6.020833492 4.25 6.020833492 4.25 
0 3.1875 4.25 6.020833492 4.25 6.020833492 
0 3.1875 6.020833492 4.25 4.25 6.020833492 
0 3.1875 6.020833492 4.25 4.25 6.020833492 
0 3.1875 6.020833492 4.25 6.020833492 4.25 
0 3.1875 4.25 6.020833492 4.25 6.020833492 
0 3.1875 6.020833492 4.25 4.25 6.020833492 
0 12.75 12.04166698 8.5 8.5 6.020833492 6.020833492 
0 12.75 12.04166698 8.5 6.020833492 6.020833492 8.5 
0 3.1875 4.25 6.020833492 4.25 6.020833492 
0 3.1875 6.020833492 4.25 6.020833492 4.25 
0 3.1875 4.25 6.020833492 4.25 6.020833492 
0 3.1875 6.020833492 4.25 4.25 6.020833492 
0 3.1875 6.020833492 4.25 4.25 6.020833492 
0 3.1875 6.020833492 4.25 6.020833492 4.25 
0 3.1875 4.25 6.020833492 4.25 6.020833492 
0 3.1875 6.020833492 4.25 4.25 6.020833492 
0 12.75 12.04166698 8.5 8.5 6.020833492 6.020833492 
0 12.75 12.04166698 8.5 12.04166698 8.5 
0 3.1875 4.25 6.020833492 4.25 6.020833492 
0 3.1875 6.020833492 4.25 6.020833492 4.25 
0 3.1875 4.25 6.020833492 4.25 6.020833492 
0 3.1875 6.020833492 4.25 4.25 6.020833492 
0 12.75 12.04166698 4.25 4.25 8.5 12.04166698 
0 51 24.08333397 8.5 8.5 17 24.08333397 
0 51 24.08333397 17 17 24.08333397 
0 51 24.08333397 17 17 24.08333397 
0 51 24.08333397 17 17 24.08333397 
0 51 24.08333397 17 17 24.08333397 
0 51 24.08333397 17 17 24.08333397 
0 51 24.08333397 17 24.08333397 
0 51 24.08333397 17 24.08333397 
0 51 24.08333397 17 17 24.08333397 
0 51 24.08333397 17 17 24.08333397 
0 51 24.08333397 17 17 24.08333397 
0 51 24.08333397 17 17 24.08333397 
0 51 24.08333397 17 17 24.08333397 
0 51 24.08333397 17 17 24.08333397 
0 51 12.04166698 12.04166698 17 8.5 8.5 24.08333397 
0 12.75 12.04166698 8.5 8.5 12.04166698 
0 12.75 6.020833492 6.020833492 8.5 12.04166698 8.5 
0 12.75 8.5 12.04166698 8.5 12.04166698 
0 12.75 12.04166698 8.5 8.5 12.04166698 
0 12.75 6.020833492 6.020833492 8.5 8.5 12.04166698 
0 12.75 6.020833492 6.020833492 8.5 12.04166698 8.5 
0 12.75 8.5 12.04166698 8.5 12.04166698 
0 12.75 12.04166698 8.5 8.5 12.04166698 
0 12.75 6.020833492 6.020833492 8.5 4.25 4.25 12.04166698 
0 3.1875 6.020833492 4.25 4.25 6.020833492 
0 3.1875 6.020833492 4.25 6.020833492 4.25 
0 3.1875 4.25 6.020833492 4.25 6.020833492 
0 3.1875 6.020833492 4.25 6.020833492 4.25 
0 12.75 8.5 12.04166698 8.5 12.04166698 
0 12.75 6.020833492 6.020833492 8.5 8.5 12.04166698 
0 3.1875 6.020833492 4.25 4.25 6.020833492 
0 3.1875 6.020833492 4.25 6.020833492 4.25 
0 3.1875 4.25 6.020833492 4.25 6.020833492 
0 3.1875 6.020833492 4.25 4.25 6.020833492 
0 3.1875 6.020833492 4.25 4.25 6.020833492 
0 3.1875 6.020833492 4.25 6.020833492 4.25 
0 3.1875 4.25 6.020833492 4.25 6.020833492 
0 3.1875 6.020833492 4.25 6.020833492 4.25 
0 12.75 8.5 6.020833492 6.020833492 8.5 12.04166698 
0 12.75 6.020833492 6.020833492 8.5 4.25 4.25 12.04166698 
0 3.1875 6.020833492 4.25 4.25 6.020833492 
0 3.1875 6.020833492 4.25 6.020833492 4.25 
0 3.1875 4.25 6.020833492 4.25 6.020833492 
0 3.1875 6.020833492 4.25 4.25 6.020833492 
0 3.1875 6.020833492 4.25 4.25 6.020833492 
0 3.1875 6.020833492 4.25 6.020833492 4.25 
0 3.1875 4.25 6.020833492 4.25 6.020833492 
0 3.1875 6.020833492 4.25 6.020833492 4.25 
0 3.1875 4.25 6.020833492 4.25 6.020833492 
0 3.1875 6.020833492 4.25 6.020833492 4.25 
0 3.1875 4.25 6.020833492 4.25 6.020833492 
0 3.1875 6.020833492 4.25 4.25 6.020833492 
0 3.1875 6.020833492 4.25 4.25 6.020833492 
0 3.1875 6.020833492 4.25 6.020833492 4.25 
0 3.1875 4.25 6.020833492 4.25 6.020833492 
0 3.1875 6.020833492 4.25 4.25 6.020833492 
0 3.1875 6.020833492 4.25 4.25 6.020833492 
0 3.1875 6.020833492 4.25 6.020833492 4.25 
0 3.1875 4.25 6.020833492 4.25 6.020833492 
0 3.1875 6.020833492 4.25 4.25 6.020833492 
0 3.1875 6.020833492 4.25 4.25 6.020833492 
0 3.1875 6.020833492 4.25 6.020833492 4.25 
0 3.1875 4.25 6.020833492 4.25 6.020833492 
0 3.1875 6.020833492 4.25 6.020833492 4.25 
0 3.1875 4.25 6.020833492 4.25 6.020833492 
0 3.1875 6.020833492 4.25 6.020833492 4.25 
0 3.1875 4.25 6.020833492 4.25 6.020833492 
0 3.1875 6.020833492 4.25 4.25 6.020833492 
0 3.1875 6.020833492 4.25 4.25 6.020833492 
0 3.1875 6.020833492 4.25 6.020833492 4.25 
0 3.1875 4.25 6.020833492 4.25 6.020833492 
0 3.1875 6.020833492 4.25 4.25 6.020833492 
0 3.1875 6.020833492 4.25 4.25 6.020833492 
0 3.1875 6.020833492 4.25 6.020833492 4.25 
0 3.1875 4.25 6.020833492 4.25 6.020833492 
0 3.1875 6.020833492 4.25 4.25 6.020833492 
0 3.1875 6.020833492 4.25 4.25 6.020833492 
0 3.1875 6.020833492 4.25 6.020833492 4.25 
0 3.1875 4.25 6.020833492 4.25 6.020833492 
0 3.1875 6.020833492 4.25 6.020833492 4.25 
0 3.1875 4.25 6.020833492 4.25 6.020833492 
0 3.1875 6.020833492 4.25 6.020833492 4.25 
0 3.1875 4.25 6.020833492 4.25 6.020833492 
0 3.1875 6.020833492 4.25 4.25 6.020833492 
0 3.1875 6.020833492 4.25 4.25 6.020833492 
0 3.1875 6.020833492 4.25 6.020833492 4.25 
0 3.1875 4.25 6.020833492 4.25 6.020833492 
0 3.1875 6.020833492 4.25 4.25 6.020833492 
0 3.1875 6.020833492 4.25 4.25 6.020833492 
0 3.1875 6.020833492 4.25 6.020833492 4.25 
0 3.1875 4.25 6.020833492 4.25 6.020833492 
0 3.1875 6.020833492 4.25 4.25 6.020833492 
0 3.1875 6.020833492 4.25 4.25 6.020833492 
0 3.1875 6.020833492 4.25 6.020833492 4.25 
0 3.1875 4.25 6.020833492 4.25 6.020833492 
0 3.1875 6.020833492 4.25 6.020833492 4.25 
0 3.1875 4.25 6.020833492 4.25 6.020833492 
0 3.1875 6.020833492 4.25 6.020833492 4.25 
0 3.1875 4.25 6.020833492 4.25 6.020833492 
0 3.1875 6.020833492 4.25 4.25 6.020833492 
0 3.1875 6.020833492 4.25 4.25 6.020833492 
0 3.1875 6.020833492 4.25 6.020833492 4.25 
0 3.1875 4.25 6.020833492 4.25 6.020833492 
0 3.1875 6.020833492 4.25 4.25 6.020833492 
0 3.1875 6.020833492 4.25 4.25 6.020833492 
0 3.1875 6.020833492 4.25 6.020833492 4.25 
0 3.1875 4.25 6.020833492 4.25 6.020833492 
0 3.1875 6.020833492 4.25 4.25 6.020833492 
0 12.75 12.04166698 4.25 4.25 12.04166698 8.5 
0 12.75 4.25 4.25 6.020833492 6.020833492 8.5 12.04166698 
0 12.75 12.04166698 8.5 8.5 12.04166698 
0 51 24.08333397 8.5 8.5 17 24.08333397 
0 51 24.08333397 17 17 24.08333397 
0 51 24.08333397 17 17 24.08333397 
0 51 24.08333397 17 17 24.08333397 
0 51 24.08333397 17 17 24.08333397 
0 51 24.08333397 17 17 24.08333397 
0 51 24.08333397 17 24.08333397 
0 51 24.08333397 17 24.08333397 
0 51 24.08333397 17 17 24.08333397 
0 51 24.08333397 17 17 24.08333397 
0 51 24.08333397 17 17 24.08333397 
0 51 24.08333397 17 17 24.08333397 
0 51 24.08333397 17 17 24.08333397 
0 51 24.08333397 17 17 24.08333397 
0 51 24.08333397 17 17 24.08333397 
0 51 12.04166698 12.04166698 17 17 24.08333397 
0 51 12.04166698 12.04166698 17 17 24.08333397 
0 51 12.04166698 12.04166698 17 17 24.08333397 
0 51 12.04166698 12.04166698 17 8.5 8.5 24.08333397 
0 12.75 6.020833492 6.020833492 8.5 8.5 12.04166698 
0 12.75 6.020833492 6.020833492 8.5 12.04166698 8.5 
0 12.75 8.5 12.04166698 8.5 12.04166698 
0 12.75 12.04166698 8.5 8.5 12.04166698 
0 12.75 6.020833492 6.020833492 8.5 8.5 12.04166698 
0 12.75 6.020833492 6.020833492 8.5 12.04166698 4.25 4.25 
0 12.75 8.5 12.04166698 8.5 12.04166698 
0 12.75 12.04166698 8.5 8.5 12.04166698 
0 3.1875 6.020833492 4.25 4.25 6.020833492 
0 3.1875 6.020833492 4.25 6.020833492 4.25 
0 3.1875 4.25 6.020833492 4.25 6.020833492 
0 3.1875 6.020833492 4.25 4.25 6.020833492 
0 3.1875 6.020833492 4.25 4.25 6.020833492 
0 3.1875 6.020833492 4.25 6.020833492 4.25 
0 3.1875 4.25 6.020833492 4.25 6.020833492 
0 3.1875 6.020833492 4.25 6.020833492 4.25 
0 12.75 8.5 6.020833492 6.020833492 8.5 12.04166698 
0 12.75 6.020833492 6.020833492 8.5 8.5 12.04166698 
0 3.1875 6.020833492 4.25 4.25 6.020833492 
0 3.1875 6.020833492 4.25 6.020833492 4.25 
0 3.1875 4.25 6.020833492 4.25 6.020833492 
0 3.1875 6.020833492 4.25 4.25 6.020833492 
0 3.1875 6.020833492 4.25 4.25 6.020833492 
0 3.1875 6.020833492 4.25 6.020833492 4.25 
0 3.1875 4.25 6.020833492 4.25 6.020833492 
0 3.1875 6.020833492 4.25 6.020833492 4.25 
0 12.75 8.5 6.020833492 6.020833492 8.5 12.04166698 
0 12.75 6.020833492 6.020833492 8.5 8.5 12.04166698 
0 12.75 12.04166698 4.25 4.25 8.5 12.04166698 
0 12.75 12.04166698 8.5 12.04166698 8.5 
0 12.75 8.5 12.04166698 8.5 12.04166698 
0 12.75 12.04166698 8.5 8.5 12.04166698 
0 51 24.08333397 8.5 8.5 17 24.08333397 
0 51 24.08333397 17 17 24.08333397 
0 51 24.08333397 17 17 24.08333397 
0 51 24.08333397 17 17 24.08333397 
0 51 24.08333397 17 17 24.08333397 
0 51 24.08333397 17 17 24.08333397 
0 51 24.08333397 17 24.08333397 
0 51 24.08333397 17 24.08333397 
0 51 24.08333397 17 17 24.08333397 
0 51 24.08333397 17 17 24.08333397 
0 51 24.08333397 17 17 24.08333397 
0 51 24.08333397 17 17 24.08333397 
0 51 24.08333397 17 17 24.08333397 
0 51 24.08333397 17 17 24.08333397 
0 51 24.08333397 17 17 24.08333397 
0 51 24.08333397 17 17 24.08333397 
0 51 24.08333397 17 17 24.08333397 
0 51 24.08333397 17 17 24.08333397 
0 51 24.08333397 17 17 24.08333397 
0 51 12.04166698 12.04166698 17 17 24.08333397 
0 51 12.04166698 12.04166698 17 17 24.08333397 
0 51 12.04166698 12.04166698 17 17 24.08333397 
0 51 12.04166698 12.04166698 17 17 24.08333397 
0 51 12.04166698 12.04166698 17 17 24.08333397 
0 51 24.08333397 17 17 24.08333397 
0 51 24.08333397 17 17 24.08333397 
0 51 24.08333397 17 17 24.08333397 
0 51 24.08333397 17 17 24.08333397 
0 51 24.08333397 17 17 24.08333397 
0 51 24.08333397 17 17 24.08333397 
0 51 24.08333397 17 24.08333397 
0 51 24.08333397 17 24.08333397 
0 51 24.08333397 17 17 24.08333397 
0 51 24.08333397 17 17 24.08333397 
0 51 24.08333397 17 17 24.08333397 
0 51 24.08333397 17 17 24.08333397 
0 51 24.08333397 17 17 24.08333397 
0 51 24.08333397 17 17 24.08333397 
0 51 24.08333397 17 17 24.08333397 
0 51 24.08333397 17 17 24.08333397 
0 51 24.08333397 17 17 24.08333397 
0 51 24.08333397 17 17 24.08333397 
0 51 24.08333397 17 17 24.08333397 
0 51 24.08333397 17 17 24.08333397 
0 51 24.08333397 17 17 24.08333397 
0 51 24.08333397 17 17 24.08333397 
0 51 24.08333397 17 17 24.08333397 
0 51 24.08333397 17 17 24.08333397 
0 51 24.08333397 17 17 24.08333397 
0 51 24.08333397 17 17 24.08333397 
0 51 24.08333397 17 17 24.08333397 
0 51 24.08333397 17 17 24.08333397 
0 51 24.08333397 17 17 24.08333397 
0 51 24.08333397 17 17 24.08333397 
0 51 24.08333397 17 24.08333397 
0 51 24.08333397 17 24.08333397 
0 51 24.08333397 17 17 24.08333397 
0 51 24.08333397 17 17 24.08333397 
0 51 24.08333397 17 17 24.08333397 
0 51 24.08333397 17 17 24.08333397 
0 51 24.08333397 17 17 24.08333397 
0 51 24.08333397 17 17 24.08333397 
0 51 24.08333397 17 17 24.08333397 
0 51 24.08333397 17 17 24.08333397 
0 51 24.08333397 17 17 24.08333397 
0 51 24.08333397 17 17 24.08333397 
0 51 24.08333397 17 17 24.08333397 
0 51 24.08333397 17 17 24.08333397 
0 51 24.08333397 17 17 24.08333397 
0 51 24.08333397 17 17 24.08333397 
0 51 24.08333397 17 17 24.08333397 
0 51 24.08333397 17 17 24.08333397 
0 51 24.08333397 17 17 24.08333397 
0 51 24.08333397 17 17 24.08333397 
0 51 24.08333397 17 17 24.08333397 
0 51 24.08333397 17 17 24.08333397 
0 51 24.08333397 17 17 24.08333397 
0 51 24.08333397 17 17 24.08333397 
0 51 24.08333397 17 24.08333397 
0 51 24.08333397 17 24.08333397 
0 51 24.08333397 17 17 24.08333397 
0 51 24.08333397 17 17 24.08333397 
0 51 24.08333397 17 17 24.08333397 
0 51 24.08333397 17 17 24.08333397 
0 51 24.08333397 17 17 24.08333397 
0 51 24.08333397 17 17 24.08333397 
0 51 24.08333397 17 17 24.08333397 
0 51 24.08333397 17 17 24.08333397 
0 51 24.08333397 17 17 24.08333397 
0 51 24.08333397 17 17 24.08333397 
0 51 24.08333397 17 17 24.08333397 
0 51 24.08333397 17 17 24.08333397 
0 51 24.08333397 17 17 24.08333397 
0 51 24.08333397 17 17 24.08333397 
0 51 24.08333397 17 17 24.08333397 
0 51 24.08333397 17 17 24.08333397 
0 51 24.08333397 17 17 24.08333397 
0 51 24.08333397 17 17 24.08333397 
0 51 24.08333397 17 17 24.08333397 
0 51 24.08333397 17 17 24.08333397 
0 51 24.08333397 17 17 24.08333397 
0 51 24.08333397 17 17 24.08333397 
0 51 24.08333397 17 24.08333397 
0 51 24.08333397 17 
0 51 24.08333397 17 17 
0 51 24.08333397 17 17 
0 51 24.08333397 17 17 
0 51 24.08333397 17 17 
0 51 24.08333397 17 17 
0 51 24.08333397 17 17 
0 51 24.08333397 17 17 
0 51 24.08333397 17 17 
0 51 24.08333397 17 17 
0 51 24.08333397 17 17 
0 51 24.08333397 17 17 
0 51 24.08333397 17 17 
0 51 24.08333397 17 17 
0 51 24.08333397 17 17 
0 51 24.08333397 17 17 
0 51 24.08333397 17 17 
0 51 24.08333397 17 17 
0 51 24.08333397 17 17 
0 51 24.08333397 17 17 
0 51 24.08333397 17 17 
0 51 24.08333397 17 17 
0 51 24.08333397 17 17 
0 51 24.08333397 17 