374	414	373	373	0.125	0.125
413	414	373	373	0.125	0.125
374	415	375	375	0.125	0.125
413	416	480	480	0.125	0.125
375	418	374	374	0.125	0.125
375	419	376	376	0.125	0.125
376	422	375	375	0.125	0.125
376	423	377	377	0.125	0.125
377	426	376	376	0.125	0.125
377	427	378	378	0.125	0.125
378	430	377	377	0.125	0.125
378	431	379	379	0.125	0.125
379	434	378	378	0.125	0.125
379	435	380	380	0.125	0.125
380	438	379	379	0.125	0.125
380	439	381	381	0.125	0.125
381	442	380	380	0.125	0.125
381	443	382	382	0.125	0.125
382	446	381	381	0.125	0.125
382	447	383	383	0.125	0.125
450	447	383	383	0.125	0.125
450	449	517	517	0.125	0.125
480	481	413	413	0.125	0.125
480	483	547	547	0.125	0.125
517	514	450	450	0.125	0.125
517	516	608	608	0.125	0.125
547	548	480	480	0.125	0.125
547	550	638	638	0.125	0.125
557	559	556	556	0.125	0.125
558	559	556	556	0.125	0.125
557	560	566	566	0.125	0.125
558	561	647	647	0.125	0.125
560	562	559	559	0.125	0.125
561	562	559	559	0.125	0.125
560	563	568	568	0.125	0.125
561	564	648	648	0.125	0.125
566	568	557	557	0.125	0.125
566	569	567	567	0.125	0.125
575	569	567	567	0.125	0.125
575	574	664	664	0.125	0.125
568	570	560	560	0.125	0.125
568	571	569	569	0.125	0.125
574	571	569	569	0.125	0.125
574	573	661	661	0.125	0.125
585	587	584	584	0.125	0.125
586	587	584	584	0.125	0.125
585	588	594	594	0.125	0.125
586	589	675	675	0.125	0.125
588	590	587	587	0.125	0.125
589	590	587	587	0.125	0.125
588	591	596	596	0.125	0.125
589	592	676	676	0.125	0.125
594	596	585	585	0.125	0.125
594	597	595	595	0.125	0.125
603	597	595	595	0.125	0.125
603	602	692	692	0.125	0.125
596	598	588	588	0.125	0.125
596	599	597	597	0.125	0.125
602	599	597	597	0.125	0.125
602	601	689	689	0.125	0.125
608	605	517	517	0.125	0.125
608	607	699	699	0.125	0.125
638	639	547	547	0.125	0.125
638	641	729	729	0.125	0.125
647	648	558	558	0.125	0.125
656	653	655	655	0.125	0.125
647	653	655	655	0.125	0.125
656	654	665	665	0.125	0.125
648	649	561	561	0.125	0.125
654	651	653	653	0.125	0.125
648	651	653	653	0.125	0.125
654	652	662	662	0.125	0.125
664	661	575	575	0.125	0.125
665	662	656	656	0.125	0.125
664	663	666	666	0.125	0.125
665	663	666	666	0.125	0.125
661	658	574	574	0.125	0.125
662	659	654	654	0.125	0.125
661	660	663	663	0.125	0.125
662	660	663	663	0.125	0.125
675	676	586	586	0.125	0.125
684	681	683	683	0.125	0.125
675	681	683	683	0.125	0.125
684	682	693	693	0.125	0.125
676	677	589	589	0.125	0.125
682	679	681	681	0.125	0.125
676	679	681	681	0.125	0.125
682	680	690	690	0.125	0.125
692	689	603	603	0.125	0.125
693	690	684	684	0.125	0.125
692	691	694	694	0.125	0.125
693	691	694	694	0.125	0.125
689	686	602	602	0.125	0.125
690	687	682	682	0.125	0.125
689	688	691	691	0.125	0.125
690	688	691	691	0.125	0.125
699	696	608	608	0.125	0.125
699	698	766	766	0.125	0.125
729	730	638	638	0.125	0.125
729	732	796	796	0.125	0.125
766	763	699	699	0.125	0.125
766	765	833	833	0.125	0.125
796	797	729	729	0.125	0.125
864	799	863	863	0.125	0.125
796	799	863	863	0.125	0.125
864	800	865	865	0.125	0.125
865	803	864	864	0.125	0.125
865	804	866	866	0.125	0.125
866	807	865	865	0.125	0.125
866	808	867	867	0.125	0.125
867	811	866	866	0.125	0.125
867	812	868	868	0.125	0.125
868	815	867	867	0.125	0.125
868	816	869	869	0.125	0.125
869	819	868	868	0.125	0.125
869	820	870	870	0.125	0.125
870	823	869	869	0.125	0.125
870	824	871	871	0.125	0.125
871	827	870	870	0.125	0.125
871	828	872	872	0.125	0.125
833	830	766	766	0.125	0.125
872	831	871	871	0.125	0.125
833	832	873	873	0.125	0.125
872	832	873	873	0.125	0.125
1624	1664	1623	1623	0.125	0.125
1663	1664	1623	1623	0.125	0.125
1624	1665	1625	1625	0.125	0.125
1663	1666	1730	1730	0.125	0.125
1625	1668	1624	1624	0.125	0.125
1625	1669	1626	1626	0.125	0.125
1626	1672	1625	1625	0.125	0.125
1626	1673	1627	1627	0.125	0.125
1627	1676	1626	1626	0.125	0.125
1627	1677	1628	1628	0.125	0.125
1628	1680	1627	1627	0.125	0.125
1628	1681	1629	1629	0.125	0.125
1629	1684	1628	1628	0.125	0.125
1629	1685	1630	1630	0.125	0.125
1630	1688	1629	1629	0.125	0.125
1630	1689	1631	1631	0.125	0.125
1631	1692	1630	1630	0.125	0.125
1631	1693	1632	1632	0.125	0.125
1632	1696	1631	1631	0.125	0.125
1632	1697	1633	1633	0.125	0.125
1700	1697	1633	1633	0.125	0.125
1700	1699	1767	1767	0.125	0.125
1730	1731	1663	1663	0.125	0.125
1730	1733	1797	1797	0.125	0.125
1767	1764	1700	1700	0.125	0.125
1767	1766	1858	1858	0.125	0.125
1797	1798	1730	1730	0.125	0.125
1797	1800	1888	1888	0.125	0.125
1807	1809	1806	1806	0.125	0.125
1808	1809	1806	1806	0.125	0.125
1807	1810	1816	1816	0.125	0.125
1808	1811	1897	1897	0.125	0.125
1810	1812	1809	1809	0.125	0.125
1811	1812	1809	1809	0.125	0.125
1810	1813	1818	1818	0.125	0.125
1811	1814	1898	1898	0.125	0.125
1816	1818	1807	1807	0.125	0.125
1816	1819	1817	1817	0.125	0.125
1825	1819	1817	1817	0.125	0.125
1825	1824	1914	1914	0.125	0.125
1818	1820	1810	1810	0.125	0.125
1818	1821	1819	1819	0.125	0.125
1824	1821	1819	1819	0.125	0.125
1824	1823	1911	1911	0.125	0.125
1835	1837	1834	1834	0.125	0.125
1836	1837	1834	1834	0.125	0.125
1835	1838	1844	1844	0.125	0.125
1836	1839	1925	1925	0.125	0.125
1838	1840	1837	1837	0.125	0.125
1839	1840	1837	1837	0.125	0.125
1838	1841	1846	1846	0.125	0.125
1839	1842	1926	1926	0.125	0.125
1844	1846	1835	1835	0.125	0.125
1844	1847	1845	1845	0.125	0.125
1853	1847	1845	1845	0.125	0.125
1853	1852	1942	1942	0.125	0.125
1846	1848	1838	1838	0.125	0.125
1846	1849	1847	1847	0.125	0.125
1852	1849	1847	1847	0.125	0.125
1852	1851	1939	1939	0.125	0.125
1858	1855	1767	1767	0.125	0.125
1858	1857	1949	1949	0.125	0.125
1888	1889	1797	1797	0.125	0.125
1888	1891	1979	1979	0.125	0.125
1897	1898	1808	1808	0.125	0.125
1906	1903	1905	1905	0.125	0.125
1897	1903	1905	1905	0.125	0.125
1906	1904	1915	1915	0.125	0.125
1898	1899	1811	1811	0.125	0.125
1904	1901	1903	1903	0.125	0.125
1898	1901	1903	1903	0.125	0.125
1904	1902	1912	1912	0.125	0.125
1914	1911	1825	1825	0.125	0.125
1915	1912	1906	1906	0.125	0.125
1914	1913	1916	1916	0.125	0.125
1915	1913	1916	1916	0.125	0.125
1911	1908	1824	1824	0.125	0.125
1912	1909	1904	1904	0.125	0.125
1911	1910	1913	1913	0.125	0.125
1912	1910	1913	1913	0.125	0.125
1925	1926	1836	1836	0.125	0.125
1934	1931	1933	1933	0.125	0.125
1925	1931	1933	1933	0.125	0.125
1934	1932	1943	1943	0.125	0.125
1926	1927	1839	1839	0.125	0.125
1932	1929	1931	1931	0.125	0.125
1926	1929	1931	1931	0.125	0.125
1932	1930	1940	1940	0.125	0.125
1942	1939	1853	1853	0.125	0.125
1943	1940	1934	1934	0.125	0.125
1942	1941	1944	1944	0.125	0.125
1943	1941	1944	1944	0.125	0.125
1939	1936	1852	1852	0.125	0.125
1940	1937	1932	1932	0.125	0.125
1939	1938	1941	1941	0.125	0.125
1940	1938	1941	1941	0.125	0.125
1949	1946	1858	1858	0.125	0.125
1949	1948	2016	2016	0.125	0.125
1979	1980	1888	1888	0.125	0.125
1979	1982	2046	2046	0.125	0.125
2016	2013	1949	1949	0.125	0.125
2016	2015	2083	2083	0.125	0.125
2046	2047	1979	1979	0.125	0.125
2114	2049	2113	2113	0.125	0.125
2046	2049	2113	2113	0.125	0.125
2114	2050	2115	2115	0.125	0.125
2115	2053	2114	2114	0.125	0.125
2115	2054	2116	2116	0.125	0.125
2116	2057	2115	2115	0.125	0.125
2116	2058	2117	2117	0.125	0.125
2117	2061	2116	2116	0.125	0.125
2117	2062	2118	2118	0.125	0.125
2118	2065	2117	2117	0.125	0.125
2118	2066	2119	2119	0.125	0.125
2119	2069	2118	2118	0.125	0.125
2119	2070	2120	2120	0.125	0.125
2120	2073	2119	2119	0.125	0.125
2120	2074	2121	2121	0.125	0.125
2121	2077	2120	2120	0.125	0.125
2121	2078	2122	2122	0.125	0.125
2083	2080	2016	2016	0.125	0.125
2122	2081	2121	2121	0.125	0.125
2083	2082	2123	2123	0.125	0.125
2122	2082	2123	2123	0.125	0.125
2874	2914	2873	2873	0.125	0.125
2913	2914	2873	2873	0.125	0.125
2874	2915	2875	2875	0.125	0.125
2913	2916	2980	2980	0.125	0.125
2875	2918	2874	2874	0.125	0.125
2875	2919	2876	2876	0.125	0.125
2876	2922	2875	2875	0.125	0.125
2876	2923	2877	2877	0.125	0.125
2877	2926	2876	2876	0.125	0.125
2877	2927	2878	2878	0.125	0.125
2878	2930	2877	2877	0.125	0.125
2878	2931	2879	2879	0.125	0.125
2879	2934	2878	2878	0.125	0.125
2879	2935	2880	2880	0.125	0.125
2880	2938	2879	2879	0.125	0.125
2880	2939	2881	2881	0.125	0.125
2881	2942	2880	2880	0.125	0.125
2881	2943	2882	2882	0.125	0.125
2882	2946	2881	2881	0.125	0.125
2882	2947	2883	2883	0.125	0.125
2950	2947	2883	2883	0.125	0.125
2950	2949	3017	3017	0.125	0.125
2980	2981	2913	2913	0.125	0.125
2980	2983	3047	3047	0.125	0.125
3017	3014	2950	2950	0.125	0.125
3017	3016	3108	3108	0.125	0.125
3047	3048	2980	2980	0.125	0.125
3047	3050	3138	3138	0.125	0.125
3057	3059	3056	3056	0.125	0.125
3058	3059	3056	3056	0.125	0.125
3057	3060	3066	3066	0.125	0.125
3058	3061	3147	3147	0.125	0.125
3060	3062	3059	3059	0.125	0.125
3061	3062	3059	3059	0.125	0.125
3060	3063	3068	3068	0.125	0.125
3061	3064	3148	3148	0.125	0.125
3066	3068	3057	3057	0.125	0.125
3066	3069	3067	3067	0.125	0.125
3075	3069	3067	3067	0.125	0.125
3075	3074	3164	3164	0.125	0.125
3068	3070	3060	3060	0.125	0.125
3068	3071	3069	3069	0.125	0.125
3074	3071	3069	3069	0.125	0.125
3074	3073	3161	3161	0.125	0.125
3085	3087	3084	3084	0.125	0.125
3086	3087	3084	3084	0.125	0.125
3085	3088	3094	3094	0.125	0.125
3086	3089	3175	3175	0.125	0.125
3088	3090	3087	3087	0.125	0.125
3089	3090	3087	3087	0.125	0.125
3088	3091	3096	3096	0.125	0.125
3089	3092	3176	3176	0.125	0.125
3094	3096	3085	3085	0.125	0.125
3094	3097	3095	3095	0.125	0.125
3103	3097	3095	3095	0.125	0.125
3103	3102	3192	3192	0.125	0.125
3096	3098	3088	3088	0.125	0.125
3096	3099	3097	3097	0.125	0.125
3102	3099	3097	3097	0.125	0.125
3102	3101	3189	3189	0.125	0.125
3108	3105	3017	3017	0.125	0.125
3108	3107	3199	3199	0.125	0.125
3138	3139	3047	3047	0.125	0.125
3138	3141	3229	3229	0.125	0.125
3147	3148	3058	3058	0.125	0.125
3156	3153	3155	3155	0.125	0.125
3147	3153	3155	3155	0.125	0.125
3156	3154	3165	3165	0.125	0.125
3148	3149	3061	3061	0.125	0.125
3154	3151	3153	3153	0.125	0.125
3148	3151	3153	3153	0.125	0.125
3154	3152	3162	3162	0.125	0.125
3164	3161	3075	3075	0.125	0.125
3165	3162	3156	3156	0.125	0.125
3164	3163	3166	3166	0.125	0.125
3165	3163	3166	3166	0.125	0.125
3161	3158	3074	3074	0.125	0.125
3162	3159	3154	3154	0.125	0.125
3161	3160	3163	3163	0.125	0.125
3162	3160	3163	3163	0.125	0.125
3175	3176	3086	3086	0.125	0.125
3184	3181	3183	3183	0.125	0.125
3175	3181	3183	3183	0.125	0.125
3184	3182	3193	3193	0.125	0.125
3176	3177	3089	3089	0.125	0.125
3182	3179	3181	3181	0.125	0.125
3176	3179	3181	3181	0.125	0.125
3182	3180	3190	3190	0.125	0.125
3192	3189	3103	3103	0.125	0.125
3193	3190	3184	3184	0.125	0.125
3192	3191	3194	3194	0.125	0.125
3193	3191	3194	3194	0.125	0.125
3189	3186	3102	3102	0.125	0.125
3190	3187	3182	3182	0.125	0.125
3189	3188	3191	3191	0.125	0.125
3190	3188	3191	3191	0.125	0.125
3199	3196	3108	3108	0.125	0.125
3199	3198	3266	3266	0.125	0.125
3229	3230	3138	3138	0.125	0.125
3229	3232	3296	3296	0.125	0.125
3266	3263	3199	3199	0.125	0.125
3266	3265	3333	3333	0.125	0.125
3296	3297	3229	3229	0.125	0.125
3364	3299	3363	3363	0.125	0.125
3296	3299	3363	3363	0.125	0.125
3364	3300	3365	3365	0.125	0.125
3365	3303	3364	3364	0.125	0.125
3365	3304	3366	3366	0.125	0.125
3366	3307	3365	3365	0.125	0.125
3366	3308	3367	3367	0.125	0.125
3367	3311	3366	3366	0.125	0.125
3367	3312	3368	3368	0.125	0.125
3368	3315	3367	3367	0.125	0.125
3368	3316	3369	3369	0.125	0.125
3369	3319	3368	3368	0.125	0.125
3369	3320	3370	3370	0.125	0.125
3370	3323	3369	3369	0.125	0.125
3370	3324	3371	3371	0.125	0.125
3371	3327	3370	3370	0.125	0.125
3371	3328	3372	3372	0.125	0.125
3333	3330	3266	3266	0.125	0.125
3372	3331	3371	3371	0.125	0.125
3333	3332	3373	3373	0.125	0.125
3372	3332	3373	3373	0.125	0.125
4124	4164	4123	4123	0.125	0.125
4163	4164	4123	4123	0.125	0.125
4124	4165	4125	4125	0.125	0.125
4163	4166	4230	4230	0.125	0.125
4125	4168	4124	4124	0.125	0.125
4125	4169	4126	4126	0.125	0.125
4126	4172	4125	4125	0.125	0.125
4126	4173	4127	4127	0.125	0.125
4127	4176	4126	4126	0.125	0.125
4127	4177	4128	4128	0.125	0.125
4128	4180	4127	4127	0.125	0.125
4128	4181	4129	4129	0.125	0.125
4129	4184	4128	4128	0.125	0.125
4129	4185	4130	4130	0.125	0.125
4130	4188	4129	4129	0.125	0.125
4130	4189	4131	4131	0.125	0.125
4131	4192	4130	4130	0.125	0.125
4131	4193	4132	4132	0.125	0.125
4132	4196	4131	4131	0.125	0.125
4132	4197	4133	4133	0.125	0.125
4200	4197	4133	4133	0.125	0.125
4200	4199	4267	4267	0.125	0.125
4230	4231	4163	4163	0.125	0.125
4230	4233	4297	4297	0.125	0.125
4267	4264	4200	4200	0.125	0.125
4267	4266	4358	4358	0.125	0.125
4297	4298	4230	4230	0.125	0.125
4297	4300	4388	4388	0.125	0.125
4307	4309	4306	4306	0.125	0.125
4308	4309	4306	4306	0.125	0.125
4307	4310	4316	4316	0.125	0.125
4308	4311	4397	4397	0.125	0.125
4310	4312	4309	4309	0.125	0.125
4311	4312	4309	4309	0.125	0.125
4310	4313	4318	4318	0.125	0.125
4311	4314	4398	4398	0.125	0.125
4316	4318	4307	4307	0.125	0.125
4316	4319	4317	4317	0.125	0.125
4325	4319	4317	4317	0.125	0.125
4325	4324	4414	4414	0.125	0.125
4318	4320	4310	4310	0.125	0.125
4318	4321	4319	4319	0.125	0.125
4324	4321	4319	4319	0.125	0.125
4324	4323	4411	4411	0.125	0.125
4335	4337	4334	4334	0.125	0.125
4336	4337	4334	4334	0.125	0.125
4335	4338	4344	4344	0.125	0.125
4336	4339	4425	4425	0.125	0.125
4338	4340	4337	4337	0.125	0.125
4339	4340	4337	4337	0.125	0.125
4338	4341	4346	4346	0.125	0.125
4339	4342	4426	4426	0.125	0.125
4344	4346	4335	4335	0.125	0.125
4344	4347	4345	4345	0.125	0.125
4353	4347	4345	4345	0.125	0.125
4353	4352	4442	4442	0.125	0.125
4346	4348	4338	4338	0.125	0.125
4346	4349	4347	4347	0.125	0.125
4352	4349	4347	4347	0.125	0.125
4352	4351	4439	4439	0.125	0.125
4358	4355	4267	4267	0.125	0.125
4358	4357	4449	4449	0.125	0.125
4388	4389	4297	4297	0.125	0.125
4388	4391	4479	4479	0.125	0.125
4397	4398	4308	4308	0.125	0.125
4406	4403	4405	4405	0.125	0.125
4397	4403	4405	4405	0.125	0.125
4406	4404	4415	4415	0.125	0.125
4398	4399	4311	4311	0.125	0.125
4404	4401	4403	4403	0.125	0.125
4398	4401	4403	4403	0.125	0.125
4404	4402	4412	4412	0.125	0.125
4414	4411	4325	4325	0.125	0.125
4415	4412	4406	4406	0.125	0.125
4414	4413	4416	4416	0.125	0.125
4415	4413	4416	4416	0.125	0.125
4411	4408	4324	4324	0.125	0.125
4412	4409	4404	4404	0.125	0.125
4411	4410	4413	4413	0.125	0.125
4412	4410	4413	4413	0.125	0.125
4425	4426	4336	4336	0.125	0.125
4434	4431	4433	4433	0.125	0.125
4425	4431	4433	4433	0.125	0.125
4434	4432	4443	4443	0.125	0.125
4426	4427	4339	4339	0.125	0.125
4432	4429	4431	4431	0.125	0.125
4426	4429	4431	4431	0.125	0.125
4432	4430	4440	4440	0.125	0.125
4442	4439	4353	4353	0.125	0.125
4443	4440	4434	4434	0.125	0.125
4442	4441	4444	4444	0.125	0.125
4443	4441	4444	4444	0.125	0.125
4439	4436	4352	4352	0.125	0.125
4440	4437	4432	4432	0.125	0.125
4439	4438	4441	4441	0.125	0.125
4440	4438	4441	4441	0.125	0.125
4449	4446	4358	4358	0.125	0.125
4449	4448	4516	4516	0.125	0.125
4479	4480	4388	4388	0.125	0.125
4479	4482	4546	4546	0.125	0.125
4516	4513	4449	4449	0.125	0.125
4516	4515	4583	4583	0.125	0.125
4546	4547	4479	4479	0.125	0.125
4614	4549	4613	4613	0.125	0.125
4546	4549	4613	4613	0.125	0.125
4614	4550	4615	4615	0.125	0.125
4615	4553	4614	4614	0.125	0.125
4615	4554	4616	4616	0.125	0.125
4616	4557	4615	4615	0.125	0.125
4616	4558	4617	4617	0.125	0.125
4617	4561	4616	4616	0.125	0.125
4617	4562	4618	4618	0.125	0.125
4618	4565	4617	4617	0.125	0.125
4618	4566	4619	4619	0.125	0.125
4619	4569	4618	4618	0.125	0.125
4619	4570	4620	4620	0.125	0.125
4620	4573	4619	4619	0.125	0.125
4620	4574	4621	4621	0.125	0.125
4621	4577	4620	4620	0.125	0.125
4621	4578	4622	4622	0.125	0.125
4583	4580	4516	4516	0.125	0.125
4622	4581	4621	4621	0.125	0.125
4583	4582	4623	4623	0.125	0.125
4622	4582	4623	4623	0.125	0.125
5374	5414	5373	5373	0.125	0.125
5413	5414	5373	5373	0.125	0.125
5374	5415	5375	5375	0.125	0.125
5413	5416	5480	5480	0.125	0.125
5375	5418	5374	5374	0.125	0.125
5375	5419	5376	5376	0.125	0.125
5376	5422	5375	5375	0.125	0.125
5376	5423	5377	5377	0.125	0.125
5377	5426	5376	5376	0.125	0.125
5377	5427	5378	5378	0.125	0.125
5378	5430	5377	5377	0.125	0.125
5378	5431	5379	5379	0.125	0.125
5379	5434	5378	5378	0.125	0.125
5379	5435	5380	5380	0.125	0.125
5380	5438	5379	5379	0.125	0.125
5380	5439	5381	5381	0.125	0.125
5381	5442	5380	5380	0.125	0.125
5381	5443	5382	5382	0.125	0.125
5382	5446	5381	5381	0.125	0.125
5382	5447	5383	5383	0.125	0.125
5450	5447	5383	5383	0.125	0.125
5450	5449	5517	5517	0.125	0.125
5480	5481	5413	5413	0.125	0.125
5480	5483	5547	5547	0.125	0.125
5517	5514	5450	5450	0.125	0.125
5517	5516	5608	5608	0.125	0.125
5547	5548	5480	5480	0.125	0.125
5547	5550	5638	5638	0.125	0.125
5557	5559	5556	5556	0.125	0.125
5558	5559	5556	5556	0.125	0.125
5557	5560	5566	5566	0.125	0.125
5558	5561	5647	5647	0.125	0.125
5560	5562	5559	5559	0.125	0.125
5561	5562	5559	5559	0.125	0.125
5560	5563	5568	5568	0.125	0.125
5561	5564	5648	5648	0.125	0.125
5566	5568	5557	5557	0.125	0.125
5566	5569	5567	5567	0.125	0.125
5575	5569	5567	5567	0.125	0.125
5575	5574	5664	5664	0.125	0.125
5568	5570	5560	5560	0.125	0.125
5568	5571	5569	5569	0.125	0.125
5574	5571	5569	5569	0.125	0.125
5574	5573	5661	5661	0.125	0.125
5585	5587	5584	5584	0.125	0.125
5586	5587	5584	5584	0.125	0.125
5585	5588	5594	5594	0.125	0.125
5586	5589	5675	5675	0.125	0.125
5588	5590	5587	5587	0.125	0.125
5589	5590	5587	5587	0.125	0.125
5588	5591	5596	5596	0.125	0.125
5589	5592	5676	5676	0.125	0.125
5594	5596	5585	5585	0.125	0.125
5594	5597	5595	5595	0.125	0.125
5603	5597	5595	5595	0.125	0.125
5603	5602	5692	5692	0.125	0.125
5596	5598	5588	5588	0.125	0.125
5596	5599	5597	5597	0.125	0.125
5602	5599	5597	5597	0.125	0.125
5602	5601	5689	5689	0.125	0.125
5608	5605	5517	5517	0.125	0.125
5608	5607	5699	5699	0.125	0.125
5638	5639	5547	5547	0.125	0.125
5638	5641	5729	5729	0.125	0.125
5647	5648	5558	5558	0.125	0.125
5656	5653	5655	5655	0.125	0.125
5647	5653	5655	5655	0.125	0.125
5656	5654	5665	5665	0.125	0.125
5648	5649	5561	5561	0.125	0.125
5654	5651	5653	5653	0.125	0.125
5648	5651	5653	5653	0.125	0.125
5654	5652	5662	5662	0.125	0.125
5664	5661	5575	5575	0.125	0.125
5665	5662	5656	5656	0.125	0.125
5664	5663	5666	5666	0.125	0.125
5665	5663	5666	5666	0.125	0.125
5661	5658	5574	5574	0.125	0.125
5662	5659	5654	5654	0.125	0.125
5661	5660	5663	5663	0.125	0.125
5662	5660	5663	5663	0.125	0.125
5675	5676	5586	5586	0.125	0.125
5684	5681	5683	5683	0.125	0.125
5675	5681	5683	5683	0.125	0.125
5684	5682	5693	5693	0.125	0.125
5676	5677	5589	5589	0.125	0.125
5682	5679	5681	5681	0.125	0.125
5676	5679	5681	5681	0.125	0.125
5682	5680	5690	5690	0.125	0.125
5692	5689	5603	5603	0.125	0.125
5693	5690	5684	5684	0.125	0.125
5692	5691	5694	5694	0.125	0.125
5693	5691	5694	5694	0.125	0.125
5689	5686	5602	5602	0.125	0.125
5690	5687	5682	5682	0.125	0.125
5689	5688	5691	5691	0.125	0.125
5690	5688	5691	5691	0.125	0.125
5699	5696	5608	5608	0.125	0.125
5699	5698	5766	5766	0.125	0.125
5729	5730	5638	5638	0.125	0.125
5729	5732	5796	5796	0.125	0.125
5766	5763	5699	5699	0.125	0.125
5766	5765	5833	5833	0.125	0.125
5796	5797	5729	5729	0.125	0.125
5864	5799	5863	5863	0.125	0.125
5796	5799	5863	5863	0.125	0.125
5864	5800	5865	5865	0.125	0.125
5865	5803	5864	5864	0.125	0.125
5865	5804	5866	5866	0.125	0.125
5866	5807	5865	5865	0.125	0.125
5866	5808	5867	5867	0.125	0.125
5867	5811	5866	5866	0.125	0.125
5867	5812	5868	5868	0.125	0.125
5868	5815	5867	5867	0.125	0.125
5868	5816	5869	5869	0.125	0.125
5869	5819	5868	5868	0.125	0.125
5869	5820	5870	5870	0.125	0.125
5870	5823	5869	5869	0.125	0.125
5870	5824	5871	5871	0.125	0.125
5871	5827	5870	5870	0.125	0.125
5871	5828	5872	5872	0.125	0.125
5833	5830	5766	5766	0.125	0.125
5872	5831	5871	5871	0.125	0.125
5833	5832	5873	5873	0.125	0.125
5872	5832	5873	5873	0.125	0.125
6624	6664	6623	6623	0.125	0.125
6663	6664	6623	6623	0.125	0.125
6624	6665	6625	6625	0.125	0.125
6663	6666	6730	6730	0.125	0.125
6625	6668	6624	6624	0.125	0.125
6625	6669	6626	6626	0.125	0.125
6626	6672	6625	6625	0.125	0.125
6626	6673	6627	6627	0.125	0.125
6627	6676	6626	6626	0.125	0.125
6627	6677	6628	6628	0.125	0.125
6628	6680	6627	6627	0.125	0.125
6628	6681	6629	6629	0.125	0.125
6629	6684	6628	6628	0.125	0.125
6629	6685	6630	6630	0.125	0.125
6630	6688	6629	6629	0.125	0.125
6630	6689	6631	6631	0.125	0.125
6631	6692	6630	6630	0.125	0.125
6631	6693	6632	6632	0.125	0.125
6632	6696	6631	6631	0.125	0.125
6632	6697	6633	6633	0.125	0.125
6700	6697	6633	6633	0.125	0.125
6700	6699	6767	6767	0.125	0.125
6730	6731	6663	6663	0.125	0.125
6730	6733	6797	6797	0.125	0.125
6767	6764	6700	6700	0.125	0.125
6767	6766	6858	6858	0.125	0.125
6797	6798	6730	6730	0.125	0.125
6797	6800	6888	6888	0.125	0.125
6807	6809	6806	6806	0.125	0.125
6808	6809	6806	6806	0.125	0.125
6807	6810	6816	6816	0.125	0.125
6808	6811	6897	6897	0.125	0.125
6810	6812	6809	6809	0.125	0.125
6811	6812	6809	6809	0.125	0.125
6810	6813	6818	6818	0.125	0.125
6811	6814	6898	6898	0.125	0.125
6816	6818	6807	6807	0.125	0.125
6816	6819	6817	6817	0.125	0.125
6825	6819	6817	6817	0.125	0.125
6825	6824	6914	6914	0.125	0.125
6818	6820	6810	6810	0.125	0.125
6818	6821	6819	6819	0.125	0.125
6824	6821	6819	6819	0.125	0.125
6824	6823	6911	6911	0.125	0.125
6835	6837	6834	6834	0.125	0.125
6836	6837	6834	6834	0.125	0.125
6835	6838	6844	6844	0.125	0.125
6836	6839	6925	6925	0.125	0.125
6838	6840	6837	6837	0.125	0.125
6839	6840	6837	6837	0.125	0.125
6838	6841	6846	6846	0.125	0.125
6839	6842	6926	6926	0.125	0.125
6844	6846	6835	6835	0.125	0.125
6844	6847	6845	6845	0.125	0.125
6853	6847	6845	6845	0.125	0.125
6853	6852	6942	6942	0.125	0.125
6846	6848	6838	6838	0.125	0.125
6846	6849	6847	6847	0.125	0.125
6852	6849	6847	6847	0.125	0.125
6852	6851	6939	6939	0.125	0.125
6858	6855	6767	6767	0.125	0.125
6858	6857	6949	6949	0.125	0.125
6888	6889	6797	6797	0.125	0.125
6888	6891	6979	6979	0.125	0.125
6897	6898	6808	6808	0.125	0.125
6906	6903	6905	6905	0.125	0.125
6897	6903	6905	6905	0.125	0.125
6906	6904	6915	6915	0.125	0.125
6898	6899	6811	6811	0.125	0.125
6904	6901	6903	6903	0.125	0.125
6898	6901	6903	6903	0.125	0.125
6904	6902	6912	6912	0.125	0.125
6914	6911	6825	6825	0.125	0.125
6915	6912	6906	6906	0.125	0.125
6914	6913	6916	6916	0.125	0.125
6915	6913	6916	6916	0.125	0.125
6911	6908	6824	6824	0.125	0.125
6912	6909	6904	6904	0.125	0.125
6911	6910	6913	6913	0.125	0.125
6912	6910	6913	6913	0.125	0.125
6925	6926	6836	6836	0.125	0.125
6934	6931	6933	6933	0.125	0.125
6925	6931	6933	6933	0.125	0.125
6934	6932	6943	6943	0.125	0.125
6926	6927	6839	6839	0.125	0.125
6932	6929	6931	6931	0.125	0.125
6926	6929	6931	6931	0.125	0.125
6932	6930	6940	6940	0.125	0.125
6942	6939	6853	6853	0.125	0.125
6943	6940	6934	6934	0.125	0.125
6942	6941	6944	6944	0.125	0.125
6943	6941	6944	6944	0.125	0.125
6939	6936	6852	6852	0.125	0.125
6940	6937	6932	6932	0.125	0.125
6939	6938	6941	6941	0.125	0.125
6940	6938	6941	6941	0.125	0.125
6949	6946	6858	6858	0.125	0.125
6949	6948	7016	7016	0.125	0.125
6979	6980	6888	6888	0.125	0.125
6979	6982	7046	7046	0.125	0.125
7016	7013	6949	6949	0.125	0.125
7016	7015	7083	7083	0.125	0.125
7046	7047	6979	6979	0.125	0.125
7114	7049	7113	7113	0.125	0.125
7046	7049	7113	7113	0.125	0.125
7114	7050	7115	7115	0.125	0.125
7115	7053	7114	7114	0.125	0.125
7115	7054	7116	7116	0.125	0.125
7116	7057	7115	7115	0.125	0.125
7116	7058	7117	7117	0.125	0.125
7117	7061	7116	7116	0.125	0.125
7117	7062	7118	7118	0.125	0.125
7118	7065	7117	7117	0.125	0.125
7118	7066	7119	7119	0.125	0.125
7119	7069	7118	7118	0.125	0.125
7119	7070	7120	7120	0.125	0.125
7120	7073	7119	7119	0.125	0.125
7120	7074	7121	7121	0.125	0.125
7121	7077	7120	7120	0.125	0.125
7121	7078	7122	7122	0.125	0.125
7083	7080	7016	7016	0.125	0.125
7122	7081	7121	7121	0.125	0.125
7083	7082	7123	7123	0.125	0.125
7122	7082	7123	7123	0.125	0.125
7874	7914	7873	7873	0.125	0.125
7913	7914	7873	7873	0.125	0.125
7874	7915	7875	7875	0.125	0.125
7913	7916	7980	7980	0.125	0.125
7875	7918	7874	7874	0.125	0.125
7875	7919	7876	7876	0.125	0.125
7876	7922	7875	7875	0.125	0.125
7876	7923	7877	7877	0.125	0.125
7877	7926	7876	7876	0.125	0.125
7877	7927	7878	7878	0.125	0.125
7878	7930	7877	7877	0.125	0.125
7878	7931	7879	7879	0.125	0.125
7879	7934	7878	7878	0.125	0.125
7879	7935	7880	7880	0.125	0.125
7880	7938	7879	7879	0.125	0.125
7880	7939	7881	7881	0.125	0.125
7881	7942	7880	7880	0.125	0.125
7881	7943	7882	7882	0.125	0.125
7882	7946	7881	7881	0.125	0.125
7882	7947	7883	7883	0.125	0.125
7950	7947	7883	7883	0.125	0.125
7950	7949	8017	8017	0.125	0.125
7980	7981	7913	7913	0.125	0.125
7980	7983	8047	8047	0.125	0.125
8017	8014	7950	7950	0.125	0.125
8017	8016	8108	8108	0.125	0.125
8047	8048	7980	7980	0.125	0.125
8047	8050	8138	8138	0.125	0.125
8057	8059	8056	8056	0.125	0.125
8058	8059	8056	8056	0.125	0.125
8057	8060	8066	8066	0.125	0.125
8058	8061	8147	8147	0.125	0.125
8060	8062	8059	8059	0.125	0.125
8061	8062	8059	8059	0.125	0.125
8060	8063	8068	8068	0.125	0.125
8061	8064	8148	8148	0.125	0.125
8066	8068	8057	8057	0.125	0.125
8066	8069	8067	8067	0.125	0.125
8075	8069	8067	8067	0.125	0.125
8075	8074	8164	8164	0.125	0.125
8068	8070	8060	8060	0.125	0.125
8068	8071	8069	8069	0.125	0.125
8074	8071	8069	8069	0.125	0.125
8074	8073	8161	8161	0.125	0.125
8085	8087	8084	8084	0.125	0.125
8086	8087	8084	8084	0.125	0.125
8085	8088	8094	8094	0.125	0.125
8086	8089	8175	8175	0.125	0.125
8088	8090	8087	8087	0.125	0.125
8089	8090	8087	8087	0.125	0.125
8088	8091	8096	8096	0.125	0.125
8089	8092	8176	8176	0.125	0.125
8094	8096	8085	8085	0.125	0.125
8094	8097	8095	8095	0.125	0.125
8103	8097	8095	8095	0.125	0.125
8103	8102	8192	8192	0.125	0.125
8096	8098	8088	8088	0.125	0.125
8096	8099	8097	8097	0.125	0.125
8102	8099	8097	8097	0.125	0.125
8102	8101	8189	8189	0.125	0.125
8108	8105	8017	8017	0.125	0.125
8108	8107	8199	8199	0.125	0.125
8138	8139	8047	8047	0.125	0.125
8138	8141	8229	8229	0.125	0.125
8147	8148	8058	8058	0.125	0.125
8156	8153	8155	8155	0.125	0.125
8147	8153	8155	8155	0.125	0.125
8156	8154	8165	8165	0.125	0.125
8148	8149	8061	8061	0.125	0.125
8154	8151	8153	8153	0.125	0.125
8148	8151	8153	8153	0.125	0.125
8154	8152	8162	8162	0.125	0.125
8164	8161	8075	8075	0.125	0.125
8165	8162	8156	8156	0.125	0.125
8164	8163	8166	8166	0.125	0.125
8165	8163	8166	8166	0.125	0.125
8161	8158	8074	8074	0.125	0.125
8162	8159	8154	8154	0.125	0.125
8161	8160	8163	8163	0.125	0.125
8162	8160	8163	8163	0.125	0.125
8175	8176	8086	8086	0.125	0.125
8184	8181	8183	8183	0.125	0.125
8175	8181	8183	8183	0.125	0.125
8184	8182	8193	8193	0.125	0.125
8176	8177	8089	8089	0.125	0.125
8182	8179	8181	8181	0.125	0.125
8176	8179	8181	8181	0.125	0.125
8182	8180	8190	8190	0.125	0.125
8192	8189	8103	8103	0.125	0.125
8193	8190	8184	8184	0.125	0.125
8192	8191	8194	8194	0.125	0.125
8193	8191	8194	8194	0.125	0.125
8189	8186	8102	8102	0.125	0.125
8190	8187	8182	8182	0.125	0.125
8189	8188	8191	8191	0.125	0.125
8190	8188	8191	8191	0.125	0.125
8199	8196	8108	8108	0.125	0.125
8199	8198	8266	8266	0.125	0.125
8229	8230	8138	8138	0.125	0.125
8229	8232	8296	8296	0.125	0.125
8266	8263	8199	8199	0.125	0.125
8266	8265	8333	8333	0.125	0.125
8296	8297	8229	8229	0.125	0.125
8364	8299	8363	8363	0.125	0.125
8296	8299	8363	8363	0.125	0.125
8364	8300	8365	8365	0.125	0.125
8365	8303	8364	8364	0.125	0.125
8365	8304	8366	8366	0.125	0.125
8366	8307	8365	8365	0.125	0.125
8366	8308	8367	8367	0.125	0.125
8367	8311	8366	8366	0.125	0.125
8367	8312	8368	8368	0.125	0.125
8368	8315	8367	8367	0.125	0.125
8368	8316	8369	8369	0.125	0.125
8369	8319	8368	8368	0.125	0.125
8369	8320	8370	8370	0.125	0.125
8370	8323	8369	8369	0.125	0.125
8370	8324	8371	8371	0.125	0.125
8371	8327	8370	8370	0.125	0.125
8371	8328	8372	8372	0.125	0.125
8333	8330	8266	8266	0.125	0.125
8372	8331	8371	8371	0.125	0.125
8333	8332	8373	8373	0.125	0.125
8372	8332	8373	8373	0.125	0.125
9124	9164	9123	9123	0.125	0.125
9163	9164	9123	9123	0.125	0.125
9124	9165	9125	9125	0.125	0.125
9163	9166	9230	9230	0.125	0.125
9125	9168	9124	9124	0.125	0.125
9125	9169	9126	9126	0.125	0.125
9126	9172	9125	9125	0.125	0.125
9126	9173	9127	9127	0.125	0.125
9127	9176	9126	9126	0.125	0.125
9127	9177	9128	9128	0.125	0.125
9128	9180	9127	9127	0.125	0.125
9128	9181	9129	9129	0.125	0.125
9129	9184	9128	9128	0.125	0.125
9129	9185	9130	9130	0.125	0.125
9130	9188	9129	9129	0.125	0.125
9130	9189	9131	9131	0.125	0.125
9131	9192	9130	9130	0.125	0.125
9131	9193	9132	9132	0.125	0.125
9132	9196	9131	9131	0.125	0.125
9132	9197	9133	9133	0.125	0.125
9200	9197	9133	9133	0.125	0.125
9200	9199	9267	9267	0.125	0.125
9230	9231	9163	9163	0.125	0.125
9230	9233	9297	9297	0.125	0.125
9267	9264	9200	9200	0.125	0.125
9267	9266	9358	9358	0.125	0.125
9297	9298	9230	9230	0.125	0.125
9297	9300	9388	9388	0.125	0.125
9307	9309	9306	9306	0.125	0.125
9308	9309	9306	9306	0.125	0.125
9307	9310	9316	9316	0.125	0.125
9308	9311	9397	9397	0.125	0.125
9310	9312	9309	9309	0.125	0.125
9311	9312	9309	9309	0.125	0.125
9310	9313	9318	9318	0.125	0.125
9311	9314	9398	9398	0.125	0.125
9316	9318	9307	9307	0.125	0.125
9316	9319	9317	9317	0.125	0.125
9325	9319	9317	9317	0.125	0.125
9325	9324	9414	9414	0.125	0.125
9318	9320	9310	9310	0.125	0.125
9318	9321	9319	9319	0.125	0.125
9324	9321	9319	9319	0.125	0.125
9324	9323	9411	9411	0.125	0.125
9335	9337	9334	9334	0.125	0.125
9336	9337	9334	9334	0.125	0.125
9335	9338	9344	9344	0.125	0.125
9336	9339	9425	9425	0.125	0.125
9338	9340	9337	9337	0.125	0.125
9339	9340	9337	9337	0.125	0.125
9338	9341	9346	9346	0.125	0.125
9339	9342	9426	9426	0.125	0.125
9344	9346	9335	9335	0.125	0.125
9344	9347	9345	9345	0.125	0.125
9353	9347	9345	9345	0.125	0.125
9353	9352	9442	9442	0.125	0.125
9346	9348	9338	9338	0.125	0.125
9346	9349	9347	9347	0.125	0.125
9352	9349	9347	9347	0.125	0.125
9352	9351	9439	9439	0.125	0.125
9358	9355	9267	9267	0.125	0.125
9358	9357	9449	9449	0.125	0.125
9388	9389	9297	9297	0.125	0.125
9388	9391	9479	9479	0.125	0.125
9397	9398	9308	9308	0.125	0.125
9406	9403	9405	9405	0.125	0.125
9397	9403	9405	9405	0.125	0.125
9406	9404	9415	9415	0.125	0.125
9398	9399	9311	9311	0.125	0.125
9404	9401	9403	9403	0.125	0.125
9398	9401	9403	9403	0.125	0.125
9404	9402	9412	9412	0.125	0.125
9414	9411	9325	9325	0.125	0.125
9415	9412	9406	9406	0.125	0.125
9414	9413	9416	9416	0.125	0.125
9415	9413	9416	9416	0.125	0.125
9411	9408	9324	9324	0.125	0.125
9412	9409	9404	9404	0.125	0.125
9411	9410	9413	9413	0.125	0.125
9412	9410	9413	9413	0.125	0.125
9425	9426	9336	9336	0.125	0.125
9434	9431	9433	9433	0.125	0.125
9425	9431	9433	9433	0.125	0.125
9434	9432	9443	9443	0.125	0.125
9426	9427	9339	9339	0.125	0.125
9432	9429	9431	9431	0.125	0.125
9426	9429	9431	9431	0.125	0.125
9432	9430	9440	9440	0.125	0.125
9442	9439	9353	9353	0.125	0.125
9443	9440	9434	9434	0.125	0.125
9442	9441	9444	9444	0.125	0.125
9443	9441	9444	9444	0.125	0.125
9439	9436	9352	9352	0.125	0.125
9440	9437	9432	9432	0.125	0.125
9439	9438	9441	9441	0.125	0.125
9440	9438	9441	9441	0.125	0.125
9449	9446	9358	9358	0.125	0.125
9449	9448	9516	9516	0.125	0.125
9479	9480	9388	9388	0.125	0.125
9479	9482	9546	9546	0.125	0.125
9516	9513	9449	9449	0.125	0.125
9516	9515	9583	9583	0.125	0.125
9546	9547	9479	9479	0.125	0.125
9614	9549	9613	9613	0.125	0.125
9546	9549	9613	9613	0.125	0.125
9614	9550	9615	9615	0.125	0.125
9615	9553	9614	9614	0.125	0.125
9615	9554	9616	9616	0.125	0.125
9616	9557	9615	9615	0.125	0.125
9616	9558	9617	9617	0.125	0.125
9617	9561	9616	9616	0.125	0.125
9617	9562	9618	9618	0.125	0.125
9618	9565	9617	9617	0.125	0.125
9618	9566	9619	9619	0.125	0.125
9619	9569	9618	9618	0.125	0.125
9619	9570	9620	9620	0.125	0.125
9620	9573	9619	9619	0.125	0.125
9620	9574	9621	9621	0.125	0.125
9621	9577	9620	9620	0.125	0.125
9621	9578	9622	9622	0.125	0.125
9583	9580	9516	9516	0.125	0.125
9622	9581	9621	9621	0.125	0.125
9583	9582	9623	9623	0.125	0.125
9622	9582	9623	9623	0.125	0.125
10374	10414	10373	10373	0.125	0.125
10413	10414	10373	10373	0.125	0.125
10374	10415	10375	10375	0.125	0.125
10413	10416	10480	10480	0.125	0.125
10375	10418	10374	10374	0.125	0.125
10375	10419	10376	10376	0.125	0.125
10376	10422	10375	10375	0.125	0.125
10376	10423	10377	10377	0.125	0.125
10377	10426	10376	10376	0.125	0.125
10377	10427	10378	10378	0.125	0.125
10378	10430	10377	10377	0.125	0.125
10378	10431	10379	10379	0.125	0.125
10379	10434	10378	10378	0.125	0.125
10379	10435	10380	10380	0.125	0.125
10380	10438	10379	10379	0.125	0.125
10380	10439	10381	10381	0.125	0.125
10381	10442	10380	10380	0.125	0.125
10381	10443	10382	10382	0.125	0.125
10382	10446	10381	10381	0.125	0.125
10382	10447	10383	10383	0.125	0.125
10450	10447	10383	10383	0.125	0.125
10450	10449	10517	10517	0.125	0.125
10480	10481	10413	10413	0.125	0.125
10480	10483	10547	10547	0.125	0.125
10517	10514	10450	10450	0.125	0.125
10517	10516	10608	10608	0.125	0.125
10547	10548	10480	10480	0.125	0.125
10547	10550	10638	10638	0.125	0.125
10557	10559	10556	10556	0.125	0.125
10558	10559	10556	10556	0.125	0.125
10557	10560	10566	10566	0.125	0.125
10558	10561	10647	10647	0.125	0.125
10560	10562	10559	10559	0.125	0.125
10561	10562	10559	10559	0.125	0.125
10560	10563	10568	10568	0.125	0.125
10561	10564	10648	10648	0.125	0.125
10566	10568	10557	10557	0.125	0.125
10566	10569	10567	10567	0.125	0.125
10575	10569	10567	10567	0.125	0.125
10575	10574	10664	10664	0.125	0.125
10568	10570	10560	10560	0.125	0.125
10568	10571	10569	10569	0.125	0.125
10574	10571	10569	10569	0.125	0.125
10574	10573	10661	10661	0.125	0.125
10585	10587	10584	10584	0.125	0.125
10586	10587	10584	10584	0.125	0.125
10585	10588	10594	10594	0.125	0.125
10586	10589	10675	10675	0.125	0.125
10588	10590	10587	10587	0.125	0.125
10589	10590	10587	10587	0.125	0.125
10588	10591	10596	10596	0.125	0.125
10589	10592	10676	10676	0.125	0.125
10594	10596	10585	10585	0.125	0.125
10594	10597	10595	10595	0.125	0.125
10603	10597	10595	10595	0.125	0.125
10603	10602	10692	10692	0.125	0.125
10596	10598	10588	10588	0.125	0.125
10596	10599	10597	10597	0.125	0.125
10602	10599	10597	10597	0.125	0.125
10602	10601	10689	10689	0.125	0.125
10608	10605	10517	10517	0.125	0.125
10608	10607	10699	10699	0.125	0.125
10638	10639	10547	10547	0.125	0.125
10638	10641	10729	10729	0.125	0.125
10647	10648	10558	10558	0.125	0.125
10656	10653	10655	10655	0.125	0.125
10647	10653	10655	10655	0.125	0.125
10656	10654	10665	10665	0.125	0.125
10648	10649	10561	10561	0.125	0.125
10654	10651	10653	10653	0.125	0.125
10648	10651	10653	10653	0.125	0.125
10654	10652	10662	10662	0.125	0.125
10664	10661	10575	10575	0.125	0.125
10665	10662	10656	10656	0.125	0.125
10664	10663	10666	10666	0.125	0.125
10665	10663	10666	10666	0.125	0.125
10661	10658	10574	10574	0.125	0.125
10662	10659	10654	10654	0.125	0.125
10661	10660	10663	10663	0.125	0.125
10662	10660	10663	10663	0.125	0.125
10675	10676	10586	10586	0.125	0.125
10684	10681	10683	10683	0.125	0.125
10675	10681	10683	10683	0.125	0.125
10684	10682	10693	10693	0.125	0.125
10676	10677	10589	10589	0.125	0.125
10682	10679	10681	10681	0.125	0.125
10676	10679	10681	10681	0.125	0.125
10682	10680	10690	10690	0.125	0.125
10692	10689	10603	10603	0.125	0.125
10693	10690	10684	10684	0.125	0.125
10692	10691	10694	10694	0.125	0.125
10693	10691	10694	10694	0.125	0.125
10689	10686	10602	10602	0.125	0.125
10690	10687	10682	10682	0.125	0.125
10689	10688	10691	10691	0.125	0.125
10690	10688	10691	10691	0.125	0.125
10699	10696	10608	10608	0.125	0.125
10699	10698	10766	10766	0.125	0.125
10729	10730	10638	10638	0.125	0.125
10729	10732	10796	10796	0.125	0.125
10766	10763	10699	10699	0.125	0.125
10766	10765	10833	10833	0.125	0.125
10796	10797	10729	10729	0.125	0.125
10864	10799	10863	10863	0.125	0.125
10796	10799	10863	10863	0.125	0.125
10864	10800	10865	10865	0.125	0.125
10865	10803	10864	10864	0.125	0.125
10865	10804	10866	10866	0.125	0.125
10866	10807	10865	10865	0.125	0.125
10866	10808	10867	10867	0.125	0.125
10867	10811	10866	10866	0.125	0.125
10867	10812	10868	10868	0.125	0.125
10868	10815	10867	10867	0.125	0.125
10868	10816	10869	10869	0.125	0.125
10869	10819	10868	10868	0.125	0.125
10869	10820	10870	10870	0.125	0.125
10870	10823	10869	10869	0.125	0.125
10870	10824	10871	10871	0.125	0.125
10871	10827	10870	10870	0.125	0.125
10871	10828	10872	10872	0.125	0.125
10833	10830	10766	10766	0.125	0.125
10872	10831	10871	10871	0.125	0.125
10833	10832	10873	10873	0.125	0.125
10872	10832	10873	10873	0.125	0.125
11624	11664	11623	11623	0.125	0.125
11663	11664	11623	11623	0.125	0.125
11624	11665	11625	11625	0.125	0.125
11663	11666	11730	11730	0.125	0.125
11625	11668	11624	11624	0.125	0.125
11625	11669	11626	11626	0.125	0.125
11626	11672	11625	11625	0.125	0.125
11626	11673	11627	11627	0.125	0.125
11627	11676	11626	11626	0.125	0.125
11627	11677	11628	11628	0.125	0.125
11628	11680	11627	11627	0.125	0.125
11628	11681	11629	11629	0.125	0.125
11629	11684	11628	11628	0.125	0.125
11629	11685	11630	11630	0.125	0.125
11630	11688	11629	11629	0.125	0.125
11630	11689	11631	11631	0.125	0.125
11631	11692	11630	11630	0.125	0.125
11631	11693	11632	11632	0.125	0.125
11632	11696	11631	11631	0.125	0.125
11632	11697	11633	11633	0.125	0.125
11700	11697	11633	11633	0.125	0.125
11700	11699	11767	11767	0.125	0.125
11730	11731	11663	11663	0.125	0.125
11730	11733	11797	11797	0.125	0.125
11767	11764	11700	11700	0.125	0.125
11767	11766	11858	11858	0.125	0.125
11797	11798	11730	11730	0.125	0.125
11797	11800	11888	11888	0.125	0.125
11807	11809	11806	11806	0.125	0.125
11808	11809	11806	11806	0.125	0.125
11807	11810	11816	11816	0.125	0.125
11808	11811	11897	11897	0.125	0.125
11810	11812	11809	11809	0.125	0.125
11811	11812	11809	11809	0.125	0.125
11810	11813	11818	11818	0.125	0.125
11811	11814	11898	11898	0.125	0.125
11816	11818	11807	11807	0.125	0.125
11816	11819	11817	11817	0.125	0.125
11825	11819	11817	11817	0.125	0.125
11825	11824	11914	11914	0.125	0.125
11818	11820	11810	11810	0.125	0.125
11818	11821	11819	11819	0.125	0.125
11824	11821	11819	11819	0.125	0.125
11824	11823	11911	11911	0.125	0.125
11835	11837	11834	11834	0.125	0.125
11836	11837	11834	11834	0.125	0.125
11835	11838	11844	11844	0.125	0.125
11836	11839	11925	11925	0.125	0.125
11838	11840	11837	11837	0.125	0.125
11839	11840	11837	11837	0.125	0.125
11838	11841	11846	11846	0.125	0.125
11839	11842	11926	11926	0.125	0.125
11844	11846	11835	11835	0.125	0.125
11844	11847	11845	11845	0.125	0.125
11853	11847	11845	11845	0.125	0.125
11853	11852	11942	11942	0.125	0.125
11846	11848	11838	11838	0.125	0.125
11846	11849	11847	11847	0.125	0.125
11852	11849	11847	11847	0.125	0.125
11852	11851	11939	11939	0.125	0.125
11858	11855	11767	11767	0.125	0.125
11858	11857	11949	11949	0.125	0.125
11888	11889	11797	11797	0.125	0.125
11888	11891	11979	11979	0.125	0.125
11897	11898	11808	11808	0.125	0.125
11906	11903	11905	11905	0.125	0.125
11897	11903	11905	11905	0.125	0.125
11906	11904	11915	11915	0.125	0.125
11898	11899	11811	11811	0.125	0.125
11904	11901	11903	11903	0.125	0.125
11898	11901	11903	11903	0.125	0.125
11904	11902	11912	11912	0.125	0.125
11914	11911	11825	11825	0.125	0.125
11915	11912	11906	11906	0.125	0.125
11914	11913	11916	11916	0.125	0.125
11915	11913	11916	11916	0.125	0.125
11911	11908	11824	11824	0.125	0.125
11912	11909	11904	11904	0.125	0.125
11911	11910	11913	11913	0.125	0.125
11912	11910	11913	11913	0.125	0.125
11925	11926	11836	11836	0.125	0.125
11934	11931	11933	11933	0.125	0.125
11925	11931	11933	11933	0.125	0.125
11934	11932	11943	11943	0.125	0.125
11926	11927	11839	11839	0.125	0.125
11932	11929	11931	11931	0.125	0.125
11926	11929	11931	11931	0.125	0.125
11932	11930	11940	11940	0.125	0.125
11942	11939	11853	11853	0.125	0.125
11943	11940	11934	11934	0.125	0.125
11942	11941	11944	11944	0.125	0.125
11943	11941	11944	11944	0.125	0.125
11939	11936	11852	11852	0.125	0.125
11940	11937	11932	11932	0.125	0.125
11939	11938	11941	11941	0.125	0.125
11940	11938	11941	11941	0.125	0.125
11949	11946	11858	11858	0.125	0.125
11949	11948	12016	12016	0.125	0.125
11979	11980	11888	11888	0.125	0.125
11979	11982	12046	12046	0.125	0.125
12016	12013	11949	11949	0.125	0.125
12016	12015	12083	12083	0.125	0.125
12046	12047	11979	11979	0.125	0.125
12114	12049	12113	12113	0.125	0.125
12046	12049	12113	12113	0.125	0.125
12114	12050	12115	12115	0.125	0.125
12115	12053	12114	12114	0.125	0.125
12115	12054	12116	12116	0.125	0.125
12116	12057	12115	12115	0.125	0.125
12116	12058	12117	12117	0.125	0.125
12117	12061	12116	12116	0.125	0.125
12117	12062	12118	12118	0.125	0.125
12118	12065	12117	12117	0.125	0.125
12118	12066	12119	12119	0.125	0.125
12119	12069	12118	12118	0.125	0.125
12119	12070	12120	12120	0.125	0.125
12120	12073	12119	12119	0.125	0.125
12120	12074	12121	12121	0.125	0.125
12121	12077	12120	12120	0.125	0.125
12121	12078	12122	12122	0.125	0.125
12083	12080	12016	12016	0.125	0.125
12122	12081	12121	12121	0.125	0.125
12083	12082	12123	12123	0.125	0.125
12122	12082	12123	12123	0.125	0.125
